rank,uri,artist_names,track_name,source,peak_rank,previous_rank,days_on_chart,streams
1,"spotify:track:1rgnBhdG2JDFTbYkYRZAku","Tones And I","Dance Monkey","Elektra (NEK)",1,1,198,"7201133"
2,"spotify:track:0nbXyq5TXYPCO7pr3N8S4I","Roddy Ricch","The Box","Atlantic Records",2,2,51,"6977164"
3,"spotify:track:0sf12qNH5qcw8qpgymFOqD","The Weeknd","Blinding Lights","Republic Records",3,3,64,"5796862"
4,"spotify:track:7k4t7uLgtOxPwTpFmtJNTY","KAROL G, Nicki Minaj","Tusa","TUSA - Karol G & Nicki Minaj",3,4,85,"5375157"
5,"spotify:track:7FIWs0pqAYbP91WWM0vlTQ","Eminem, Juice WRLD","Godzilla (feat. Juice WRLD)","Shady/Aftermath/Interscope Records",3,5,15,"4850117"
6,"spotify:track:6WrI0LAC5M1Rw2MnX2ZvEg","Dua Lipa","Don't Start Now","Warner Records",4,8,92,"4756399"
7,"spotify:track:41L3O37CECZt3N7ziG2z7l","Justin Bieber","Yummy","RBMG/Def Jam",2,6,29,"4696117"
8,"spotify:track:5yY9lUy8nbvjM1Uyo1Uqoc","Future, Drake","Life Is Good (feat. Drake)","Epic/Freebandz",3,7,22,"4546242"
9,"spotify:track:696DnlkuDOXcMAnKlTgXXK","Arizona Zervas","ROXANNE","Arizona Zervas",2,9,96,"4366461"
10,"spotify:track:4TnjEaWOeW0eKTKIEvJyCa","Trevor Daniel","Falling","Alamo",5,10,76,"4210236"
11,"spotify:track:3ZCTVFBt2Brf31RLEnCkWJ","Billie Eilish","everything i wanted","Darkroom/Interscope Records",1,11,79,"3966211"
12,"spotify:track:2Fxmhks0bxGSBdJ92vM42m","Billie Eilish","bad guy","Darkroom/Interscope Records",1,12,309,"3424989"
13,"spotify:track:2b8fOow8UzyDFAE27YhOZM","Maroon 5","Memories","Interscope Records*",2,13,134,"3391669"
14,"spotify:track:21jGcNKet2qwijlDFuPiPb","Post Malone","Circles","Republic Records",1,14,155,"3387550"
15,"spotify:track:6cy3ki60hLwimwIje7tALf","Black Eyed Peas, J Balvin","RITMO (Bad Boys For Life)","Epic/We The Best",6,16,109,"3019753"
16,"spotify:track:7qEHsqek33rTcFNT9PFqLf","Lewis Capaldi","Someone You Loved","Vertigo Berlin",4,15,388,"3016695"
17,"spotify:track:5px6upUHM3fhOP621Edp4V","Dua Lipa","Physical","Warner Records",17,-1,1,"2828437"
18,"spotify:track:6v3KW9xbzN5yKLt9YKDYA2","Shawn Mendes, Camila Cabello","Señorita","Island Records",1,17,225,"2787739"
19,"spotify:track:7lidXGPXPYLNThITAOTlkK","Halsey","You should be sad","Capitol Records",16,18,22,"2491080"
20,"spotify:track:7sQKy5vlPQllr0k9IjYJv3","Arcángel, Sech, Dímelo Flow","Sigues Con El","Rimas Entertainment LLC.",19,23,45,"2385772"
21,"spotify:track:3yOlyBJuViE2YSGn3nVE1K","Camila Cabello, DaBaby","My Oh My (feat. DaBaby)","Syco Music/Epic",14,22,57,"2341727"
22,"spotify:track:3jjujdWJ72nww5eGnfs2E7","Harry Styles","Adore You","Columbia",3,20,57,"2318266"
23,"spotify:track:4l0Mvzj72xxOpRrp6h8nHi","Selena Gomez","Lose You To Love Me","Interscope Records",1,19,101,"2309455"
24,"spotify:track:6zGPytJiZmFuyVq7RTNO9G","Justin Bieber, Kehlani","Get Me","RBMG/Def Jam",24,58,4,"2302328"
25,"spotify:track:2gMXnyrvIjhVBUZwvLZDMP","Lewis Capaldi","Before You Go","Vertigo Berlin",17,21,73,"2271826"
26,"spotify:track:1iSqfoUFnQwV0QW1EfUit8","YNW Melly","Suicidal","P2019",23,24,46,"2178914"
27,"spotify:track:5DxXgozhkPLgrbKFY91w0c","Bad Bunny","Vete","Rimas Entertainment LLC",6,25,72,"2168919"
28,"spotify:track:3Dv1eDb0MEgF93GpLXlucZ","Doja Cat","Say So","Kemosabe Records/RCA Records",28,28,37,"2096538"
29,"spotify:track:2tnVG71enUj33Ic2nFN6kZ","Regard","Ride It","Ministry of Sound Recordings",12,30,148,"2083981"
30,"spotify:track:7HMmFQsKsljwTw8bS7lu19","Selena Gomez","Rare","Interscope Records",10,26,22,"2022952"
31,"spotify:track:5stPVcRqb4qixbafP9e8lt","Dalex, Lenny Tavárez, Chencho Corleone, Juhn, Dímelo Flow","Hola - Remix","Rich Music",29,35,80,"1976470"
32,"spotify:track:7CHi4DtfK4heMlQaudCuHK","MEDUZA, Becky Hill, Goodboys","Lose Control","Intercord",31,34,106,"1966703"
33,"spotify:track:4wNIkl5XGiAACjFBlDWuSd","Jonas Brothers","What A Man Gotta Do","Republic Records",24,27,15,"1961384"
34,"spotify:track:3mQ6SLdxxaL52Yte7KF2Ks","J Balvin","Morado","UMLE - Latino",33,40,22,"1886828"
35,"spotify:track:6mAN61JH0dzyZpWslS11jy","Rauw Alejandro, Farruko","Fantasias","(SME US Latin) Duars Entertainment, Corp. (2)",25,39,130,"1852343"
36,"spotify:track:43zdsphuZLzwA9k4DJhU0I","Billie Eilish","when the party's over","Darkroom/Interscope Records",7,31,472,"1838080"
37,"spotify:track:6Ozh9Ok6h4Oi1wUSLtBseN","DaBaby","BOP","South Coast Music Group/Interscope Records",21,29,127,"1827694"
38,"spotify:track:3cqPu20DGTGUoZtbJH2Dmi","Ali Gatie","What If I Told You That I Love You","Warner Records",32,32,8,"1813221"
39,"spotify:track:24Yi9hE78yPEbZ4kxyoXAI","SAINt JHN, Imanbek","Roses - Imanbek Remix","Columbia/B1 Recordings",39,48,49,"1799627"
40,"spotify:track:7aiClxsDWFRQ0Kzk5KI5ku","blackbear","hot girl bummer","Alamo",9,38,162,"1788275"
41,"spotify:track:0hVXuCcriWRGvwMV1r5Yn9","Ed Sheeran & Justin Bieber, Justin Bieber","I Don't Care (with Justin Bieber)","Atlantic Records UK",1,41,267,"1769669"
42,"spotify:track:3QzAOrNlsabgbMwlZt7TAY","Mustard, Roddy Ricch","Ballin' (with Roddy Ricch)","10 Summers Records/Interscope Records",39,42,117,"1753324"
43,"spotify:track:0RiRZpuVRbi7oqRdSMwhQY","Post Malone, Swae Lee","Sunflower - Spider-Man: Into the Spider-Verse","Republic Records",1,43,471,"1744131"
44,"spotify:track:1DWZUa5Mzf2BwzpHtgbHPY","Mac Miller","Good News","Warner Records",9,33,22,"1737776"
45,"spotify:track:6U0FIYXCQ3TGrk4tFpLrEA","BROCKHAMPTON","SUGAR","Question Everything/RCA Records",35,36,31,"1728267"
46,"spotify:track:3eekarcy7kvN4yt5ZFzltW","Travis Scott","HIGHEST IN THE ROOM","Cactus Jack/Epic",1,44,120,"1707262"
47,"spotify:track:4VgYtXCVJ7IbWAZ5ryfvEQ","Nicky Jam, Daddy Yankee","Muévelo","Sony Music Latin",47,47,22,"1705472"
48,"spotify:track:6LcauUZjF1eXQrgqMUecHX","Tyga","Ayy Macarena","Columbia/Last Kings Records",34,45,75,"1704797"
49,"spotify:track:2ksOAxtIxY8yElEWw8RhgK","Anuel AA, Daddy Yankee, KAROL G, J Balvin, Ozuna","China","2019 Real Hasta La Muerte, LLC.",2,51,197,"1633873"
50,"spotify:track:6Gg1gjgKi2AK4e0qzsR7sd","Juice WRLD, YoungBoy Never Broke Again","Bandit (with YoungBoy Never Broke Again)","Grade A Productions/Interscope Records",6,49,120,"1601729"
51,"spotify:track:1bRO28yzxgO3y3UmNR29TZ","Lil Wayne, Big Sean, Lil Baby","I Do It (ft. Big Sean, Lil Baby)","Young Money Records, Inc.",51,-1,1,"1571690"
52,"spotify:track:6UelLqGlWMcVH1E5c4H7lY","Harry Styles","Watermelon Sugar","Columbia",5,37,76,"1566433"
53,"spotify:track:5Xhqh4lwJPtMUTsdBztN1a","Shakira, Anuel AA","Me Gusta","Sony Music Latin",46,55,18,"1565051"
54,"spotify:track:0u2P5u6lvoDfwTYjAADbn4","Billie Eilish, Khalid","lovely (with Khalid)","Darkroom",19,46,650,"1558883"
55,"spotify:track:24NuEDgyRIljwSyY0lsr7b","BTS","Black Swan","BIGHIT MUSIC",20,50,15,"1542533"
56,"spotify:track:3VyjsVV24RmBIbWJAeUJNu","Don Toliver","No Idea","We Run It Ent./Cactus Jack/Atlantic",26,52,62,"1539362"
57,"spotify:track:70eFcWOvlMObDhURTqT4Fv","Ed Sheeran, Khalid","Beautiful People (feat. Khalid)","Atlantic Records UK",3,53,218,"1506177"
58,"spotify:track:07KXEDMj78x68D884wgVEm","Roddy Ricch, Mustard","High Fashion (feat. Mustard)","Atlantic Records",52,54,22,"1488460"
59,"spotify:track:285pBltuF7vW8TeWk8hdRR","Juice WRLD","Lucid Dreams","Juice WRLD Mixtape / ISR P&D",2,57,629,"1457477"
60,"spotify:track:2wrJq5XKLnmhRXHIAf9xBa","Dan + Shay, Justin Bieber","10,000 Hours (with Justin Bieber)","Warner Records Nashville",5,56,120,"1455194"
61,"spotify:track:2pWOMNQJW3g2zmGjP0Vkb0","Nicky Jam, Anuel AA","Whine Up","Sony Music Latin",41,61,92,"1390154"
62,"spotify:track:2kJwzbxV2ppxnQoYw4GLBZ","JP Saxe, Julia Michaels","If the World Was Ending (feat. Julia Michaels)","Arista Records",56,59,77,"1366595"
63,"spotify:track:6ocbgoVGwYJhOv1GgI9NsF","Ariana Grande","7 rings","Republic Records",1,60,379,"1353886"
64,"spotify:track:4R8BJggjosTswLxtkw8V7P","JHAYCO, J Balvin, Bad Bunny","No Me Conoce - Remix","N&E Entertainment LLC",17,62,256,"1347243"
65,"spotify:track:18ssFhD04lWo1RzpcohnrG","Demi Lovato","Anyone","Island Records/Hollywood Records",65,107,5,"1332519"
66,"spotify:track:0fea68AdmYNygeTGI4RC18","J Balvin, Bad Bunny","LA CANCIÓN","Universal Music Latino / Rimas",16,63,218,"1321031"
67,"spotify:track:2FvD20Z8aoWIePi7PoN8sG","DaBaby, Lil Baby, Moneybagg Yo","TOES (feat. Lil Baby & Moneybagg Yo)","South Coast Music Group/Interscope Records",60,64,36,"1307232"
68,"spotify:track:51Fjme0JiitpyXKuyQiCDo","Y2K, bbno$","Lalala","Columbia",4,66,225,"1306081"
69,"spotify:track:2TH65lNHgvLxCKXM3apjxI","Bad Bunny, Tainy","Callaita","Rimas Entertainment LLC",5,68,246,"1277768"
70,"spotify:track:3jbT1Y5MoPwEIpZndDDwVq","Tainy, Anuel AA, Ozuna","Adicto (with Anuel AA & Ozuna)","NEON16/Interscope Records",21,71,162,"1237813"
71,"spotify:track:2YpeDb67231RjR0MgVLzsG","Lil Nas X, Billy Ray Cyrus","Old Town Road (feat. Billy Ray Cyrus) - Remix","Columbia",2,72,302,"1232246"
72,"spotify:track:2VxeLyX666F8uXCJ0dZF8B","Lady Gaga, Bradley Cooper","Shallow","A Star is Born OST",2,69,491,"1221975"
73,"spotify:track:1ToprX3cpBiXoAe5eNSk74","Khalid","Eleven","Right Hand Music Group, LLC/RCA Records",46,65,22,"1216026"
74,"spotify:track:1V7JaMp11LKGwKiVmSetf0","Joker Bra, VIZE","Baby","Bra Musik",74,-1,1,"1201937"
75,"spotify:track:3o1CUVeHIid49sabk6A6Nf","Kygo, Avicii, Sandro Cavazza","Forever Yours - Avicii Tribute","Universal Music AB",51,67,8,"1198549"
76,"spotify:track:2Ec33AVlkTTq8BHFgBTdQs","Lil Uzi Vert","Futsal Shuffle 2020","Generation Now/Atlantic",8,70,50,"1192434"
77,"spotify:track:2rc7BkzO8qepMFAxHtOrXc","J Balvin","Blanco","UMLE - Latino",67,82,73,"1168759"
78,"spotify:track:57vxBYXtHMk6H1aD29V7PU","The Weeknd","Heartless","Republic Records",2,73,66,"1159298"
79,"spotify:track:2slqvGLwzZZYsT4K4Y1GBC","Taylor Swift","Only The Young - Featured in Miss Americana","Taylor Swift",79,-1,1,"1158087"
80,"spotify:track:6vBdBCoOhKHiYDDOcorfNo","Post Malone, Young Thug","Goodbyes (feat. Young Thug)","Republic Records",2,75,211,"1156753"
81,"spotify:track:4vUmTMuQqjdnvlZmAH61Qk","Ed Sheeran, Camila Cabello, Cardi B","South of the Border (feat. Camila Cabello & Cardi B)","Atlantic Records UK",9,80,204,"1141790"
82,"spotify:track:598yNsG1JFrGd4n2kMoz7F","Lil Baby","Woah","Quality Control/Motown Records",55,104,83,"1137704"
83,"spotify:track:5DqdesEfbRyOlSS3Tf6c29","Ali Gatie","It's You","Warner Records",27,74,232,"1135208"
84,"spotify:track:1Cv1YLb4q0RzL6pybtaMLo","Surfaces","Sunday Best","Surfaces Music / TenThousand Projects, LLC",78,78,14,"1134026"
85,"spotify:track:6RyaV7owmVU6fzEPE17sF1","Daddy Yankee","Que Tire Pa Lante","UME - Global Clearing House",19,89,106,"1133669"
86,"spotify:track:6b2RcmUt1g9N9mQ3CbjX2Y","Sam Smith","How Do You Sleep?","PLG - Capitol",7,79,197,"1128497"
87,"spotify:track:37zdqI4r1gswIzczSBkRon","Lunay, Anuel AA, Ozuna","Aventura","round2media - LaFamilia",47,90,99,"1122275"
88,"spotify:track:6gi6y1xwmVszDWkUqab1qw","JACKBOYS, Travis Scott, Young Thug","OUT WEST (feat. Young Thug)","Cactus Jack/Epic",11,83,36,"1114673"
89,"spotify:track:6FZDfxM3a3UCqtzo5pxSLZ","Halsey","Without Me","Capitol Records",3,85,483,"1104550"
90,"spotify:track:4QPEwDdOMhY7rNS05mTyMR","Stormzy, Burna Boy, Ed Sheeran","Own It (feat. Ed Sheeran & Burna Boy)","Atlantic Records UK",24,84,71,"1102492"
91,"spotify:track:0bMbDctzMmTyK2j74j3nF3","Alan Walker, Ava Max","Alone, Pt. II","Kreatell Music",86,86,35,"1102000"
92,"spotify:track:4SSnFejRGlZikf02HLewEF","Billie Eilish","bury a friend","Darkroom/Interscope Records",2,76,365,"1100290"
93,"spotify:track:4GyMIm2BEMoOXjmIvSpfLi","A Boogie Wit da Hoodie","King Of My City","Highbridge the Label / Atlantic Records",93,-1,1,"1094701"
94,"spotify:track:0fySG6A6qLE8IvDpayb5bM","DaBaby","VIBEZ","South Coast Music Group/Interscope Records",34,77,125,"1084987"
95,"spotify:track:1Xnn1TPyr5h0hpRAT4B4EA","Dalex, Lenny Tavárez, Anitta, NATTI NATASHA, Farruko, Justin Quiles","Bellaquita - Remix","Rich Music",83,98,66,"1082872"
96,"spotify:track:7h0d2h0fUmzbs7zeFigJPn","Travis Scott, ROSALÍA, Lil Baby","HIGHEST IN THE ROOM (feat. ROSALÍA & Lil Baby) - REMIX","Cactus Jack/Epic",4,81,36,"1076994"
97,"spotify:track:1lOe9qE0vR9zwWQAOk6CoO","Lil Tecca","Ransom","Republic Records",3,95,243,"1069465"
98,"spotify:track:2dpaYNEQHiRxtZbfNsse99","Marshmello, Bastille","Happier","Joytime Collective",2,93,533,"1064806"
99,"spotify:track:1R4xkZXQUQ8QJtAdwHkSgC","Samra","Mon Ami","Urban",99,-1,1,"1056642"
100,"spotify:track:2grAr8pWMuLWn8ZYEE9wDV","Tones And I","Never Seen the Rain","Elektra (NEK)",90,91,37,"1054723"
101,"spotify:track:22vgEDb5hykfaTwLuskFGD","Jonas Brothers","Sucker","Jonas Brothers Recording",2,96,336,"1030761"
102,"spotify:track:0VSzREd1OjEWJ9tXoFHRQH","Eminem, Ed Sheeran","Those Kinda Nights (feat. Ed Sheeran)","Shady/Aftermath/Interscope Records",14,88,15,"1028894"
103,"spotify:track:0pqnGHJpmpxLKifKRmU6WP","Imagine Dragons","Believer","Kid Ina Korner / Interscope",15,103,1093,"1019569"
104,"spotify:track:59s0s39NFWScuHDbHytI14","Reik, J Balvin, Lalo Ebratt","Indeciso","Indeciso",55,111,148,"1014680"
105,"spotify:track:7xQAfvXzm3AkraOtGPWIZg","Post Malone","Wow.","Republic Records",1,99,404,"1014613"
106,"spotify:track:5a6pdCHlWS2ekOOQ70QnAr","Noah Cyrus","July","Records/Columbia",75,87,82,"1013992"
107,"spotify:track:2W4yABdLc4Jnds67Poi5Nl","Ant Saunders","Yellow Hearts","Arista Records",43,92,86,"1011945"
108,"spotify:track:4Of7rzpRpV1mWRbhp5rAqG","Lewis Capaldi","Bruises","Vertigo Berlin",53,94,179,"1008161"
109,"spotify:track:6Hj9jySrnFppAI0sEMCZpJ","Juice WRLD","Robbery","Grade A Productions/Interscope Records",11,102,197,"1005426"
110,"spotify:track:0e7ipj03S05BNilyu5bRzt","Post Malone, 21 Savage","rockstar (feat. 21 Savage)","Republic Records",1,108,867,"1000052"
111,"spotify:track:5Id5B3dxJZhPcV9GzgYZZe","Rich Music LTD, Sech, Dalex, Justin Quiles, Lenny Tavárez, Feid, Wisin, Zion","Quizas","Rich Music",50,109,134,"996177"
112,"spotify:track:2uIX8YMNjGMD7441kqyyNU","Billie Eilish","ocean eyes","Darkroom",87,97,364,"987560"
113,"spotify:track:5ry2OE6R2zPQFDO85XkgRb","Drake, Rick Ross","Money In The Grave (Drake ft. Rick Ross)","Republic Records",4,110,229,"984641"
114,"spotify:track:4yJiXq86uM56uIfIZgE440","blackbear","me & ur ghost","Alamo",98,101,15,"984316"
115,"spotify:track:4u7EnebtmKWzUH433cf5Qv","Queen","Bohemian Rhapsody - Remastered 2011","EMI",10,114,526,"980035"
116,"spotify:track:07Oz5StQ7GRoygNLaXs2pd","Lizzo, Ariana Grande","Good as Hell (feat. Ariana Grande) - Remix","Nice Life/Atlantic",24,105,98,"977994"
117,"spotify:track:3Ghyp3X5Ua9ypHnBIgOObI","Henrique & Juliano","Liberdade Provisória - Live - Ibirapuera / 2019","Vida Nova Producoes",68,137,50,"975536"
118,"spotify:track:1DFD5Fotzgn6yYXkYsKiGs","MEDUZA, Goodboys","Piece Of Your Heart","Intercord",13,118,291,"972910"
119,"spotify:track:6lruHh1jF7ezgbLv72xYmf","Arizona Zervas","FML","Arizona Zervas",104,112,27,"959250"
120,"spotify:track:1hoLUVBx0ixX3kn0EX0P5n","Juju, Loredana, Miksu / Macloud","Kein Wort","JINX",72,143,15,"952844"
121,"spotify:track:6IRdLKIyS4p7XNiP8r6rsx","Billie Eilish","all the good girls go to hell","Darkroom/Interscope Records",6,100,183,"952108"
122,"spotify:track:7qiZfU4dY1lWllzX7mPBI3","Ed Sheeran","Shape of You","Atlantic Records UK",1,116,1119,"951298"
123,"spotify:track:7BlBVFwvbWvcwNcUarQmjk","ROSALÍA, Ozuna","Yo x Ti, Tu x Mi","Columbia",19,115,169,"950850"
124,"spotify:track:4jAIqgrPjKLTY9Gbez25Qb","Harry Styles","Lights Up","Columbia",3,106,113,"950513"
125,"spotify:track:2ez6qvOTHKeI3ss80NGqnI","SHAED, ZAYN","Trampoline (with ZAYN)","Photo Finish Records",18,113,118,"938702"
126,"spotify:track:6Y4PDQv4XjYjHLeLmvyOt0","Sech, Ozuna","Si Te Vas","Rich Music",44,125,126,"932037"
127,"spotify:track:3HWzoMvoF3TQfYg4UPszDq","Lizzo","Truth Hurts","Nice Life/Atlantic",15,120,283,"921815"
128,"spotify:track:2xLMifQCjDGFmkHkpNLD9h","Travis Scott","SICKO MODE","Cactus Jack / Epic",2,121,545,"917233"
129,"spotify:track:4y1GxT1XnufGddKkrFkbtC","Lil Wayne","Funeral","Young Money Records, Inc.",129,-1,1,"909626"
130,"spotify:track:4t9a07PAghtQMRAIP9FQ7Z","Lunay, Daddy Yankee, Bad Bunny","Soltera (Remix)","round2media - LaFamilia",7,132,267,"909203"
131,"spotify:track:3e9HZxeyfWwjeyPAMmWSSQ","Ariana Grande","thank u, next","Republic Records",1,119,452,"905229"
132,"spotify:track:1nocRtwyNPVtGcIJqfgdzZ","Camilo, Pedro Capó","Tutu","Sony Music Latin",24,135,176,"904925"
133,"spotify:track:3ee8Jmje8o58CHK66QrVC2","XXXTENTACION","SAD!","Bad Vibes Forever, LLC",1,130,699,"892257"
134,"spotify:track:6Qs4SXO9dwPj5GKvVOv8Ki","Sam Smith, Normani","Dancing With A Stranger (with Normani)","PLG - Capitol",6,123,384,"891459"
135,"spotify:track:0Q2n5yzl2XRqYbV77tZNYp","TOKYO’S REVENGE","GOODMORNINGTOKYO!","Blac Noize! Recordings",122,122,21,"887965"
136,"spotify:track:25sgk305KZfyuqVBQIahim","Ava Max","Sweet but Psycho","Atlantic Records",5,138,490,"880752"
137,"spotify:track:6oJ6le65B3SEqPwMRNXWjY","Kygo, Whitney Houston","Higher Love","Kygo/RCA Records",25,139,213,"875847"
138,"spotify:track:0RDgqtvOHLwcI6yz9bjsZV","Rich Music LTD, Sech, Dalex, Justin Quiles, Lenny Tavárez, Feid","Perreo en La Luna","Rich Music",117,145,36,"875018"
139,"spotify:track:5f9JYuHSIHjp6rggue13RS","Lil Wayne","Mahogany","Young Money Records, Inc.",139,-1,1,"871511"
140,"spotify:track:7ikRId3U9AXd6tfF2fbItC","Lil Nas X, Nas","Rodeo - feat. Nas","Columbia",140,-1,1,"867581"
141,"spotify:track:4z6wo6PJG4Fve45OXK6D9m","Arcángel, Bad Bunny","Infeliz","Rimas Entertainment LLC.",123,148,25,"866593"
142,"spotify:track:6kls8cSlUyHW2BUOkDJIZE","Ellie Goulding, Juice WRLD","Hate Me (with Juice WRLD)","Polydor Records",25,134,176,"866365"
143,"spotify:track:4ZLzoOkj0MPWrTLvooIuaa","Kina, Snøw","Get You The Moon (feat. Snøw)","Columbia",90,127,201,"865007"
144,"spotify:track:5uCax9HTNlzGybIStD3vDh","James Arthur","Say You Won't Let Go","Columbia",7,128,1118,"864381"
145,"spotify:track:5HqRQwSAPAgJBQ3bhtpUTg","Meghan Trainor, Nicki Minaj","Nice to Meet Ya (feat. Nicki Minaj)","Epic",145,-1,1,"864344"
146,"spotify:track:3Fj47GNK2kUF0uaEDgXLaD","Billie Eilish","wish you were gay","Darkroom/Interscope Records",2,117,241,"860233"
147,"spotify:track:2u3EyuCqqV31woqGvO9LBz","Lil Baby","Sum 2 Prove","Quality Control/Motown Records",70,131,22,"858506"
148,"spotify:track:7FGq80cy8juXBCD2nrqdWU","benny blanco, Halsey, Khalid","Eastside (with Halsey & Khalid)","Friends Keep Secrets/Interscope Records",3,133,566,"856561"
149,"spotify:track:40FUPlp2KJvdHY5ABnK100","Russ, Rick Ross","GUESS WHAT (feat. Rick Ross)","Columbia",149,-1,1,"855371"
150,"spotify:track:5SiZJoLXp3WOl3J4C8IK0d","Eminem","Darkness","Shady/Aftermath/Interscope Records",18,124,15,"848258"
151,"spotify:track:1mCsF9Tw4AkIZOjvZbZZdT","Matthew Wilder","Break My Stride","Legacy Recordings",104,146,14,"845737"
152,"spotify:track:6XHVuErjQ4XNm6nDPVCxVX","Chris Brown, Drake","No Guidance (feat. Drake)","Chris Brown Entertainment/RCA Records",8,140,236,"842272"
153,"spotify:track:2nNGV59DJJwk7D5ImGf6uc","Gzuz","Donuts","187 Strassenbande",98,183,8,"835860"
154,"spotify:track:7fa9MBXhVfQ8P8Df9OEbD8","Maroon 5, Cardi B","Girls Like You (feat. Cardi B) - Cardi B Version","Interscope Records*",2,149,608,"831314"
155,"spotify:track:7m9OqQk4RVRkw9JJdeAw96","XXXTENTACION","Jocelyn Flores","Bad Vibes Forever / EMPIRE",2,142,855,"827729"
156,"spotify:track:2qG5sZ7Si6sdK74qLxedYM","ROSALÍA, J Balvin, El Guincho","Con Altura","Columbia",28,155,308,"827374"
157,"spotify:track:0tgVpDi06FyKpA1z0VMD4v","Ed Sheeran","Perfect","Atlantic Records UK",3,144,1061,"827361"
158,"spotify:track:6osaMSJh9NguagEDQcZaKx","DJ Snake, J Balvin, Tyga","Loco Contigo (feat. J. Balvin & Tyga)","DJ Snake Music Productions Limited",8,167,231,"825748"
159,"spotify:track:6gBFPUFcJLzWGx4lenP6h2","Travis Scott","goosebumps","Cactus Jack / Epic",56,151,908,"824316"
160,"spotify:track:6CcJMwBtXByIz4zQLzFkKc","Billie Eilish","i love you","Darkroom/Interscope Records",19,129,203,"820940"
161,"spotify:track:43NqTeL8pgBxKHPMiJKUP5","Myke Towers","Girl","2020 One World Music & Casablanca Records | Powered by GLAD Empire, LL",150,150,5,"819470"
162,"spotify:track:0GQ5bFTVFFKpwNPc7KwQnB","Eminem, Royce Da 5'9"", White Gold","You Gon’ Learn (feat. Royce Da 5'9"" & White Gold)","Shady/Aftermath/Interscope Records",16,136,15,"811908"
163,"spotify:track:0uI7yAKUf52Cn7y3sYyjiX","Dominic Fike","3 Nights","Columbia",46,154,285,"811637"
164,"spotify:track:1cVlW9WQiGlFdWUXFdFZGh","Piso 21, Christian Nodal","Pa' Olvidarme De Ella","WM Mexico",144,170,67,"808274"
165,"spotify:track:1ndyl3wJCFs872XZ3ztPk6","Justin Quiles, NATTI NATASHA, Farruko, Lenny Tavárez, Dalex, Zion","DJ No Pare (feat. Zion, Dalex, Lenny Tavárez) - Remix","WEA Latina",75,174,137,"804980"
166,"spotify:track:4HUZBG98TYbxSR9V1V2DWS","Thiaguinho MT, Mila, JS o Mão de Ouro","Tudo Ok","Sony Music Entertainment",114,199,15,"801896"
167,"spotify:track:7dt6x5M1jzdTEt8oCbisTK","Post Malone","Better Now","Republic Records",1,157,643,"800427"
168,"spotify:track:25ZAibhr3bdlMCLmubZDVt","J Balvin, Bad Bunny","QUE PRETENDES","Universal Music Latino / Rimas",11,173,216,"797246"
169,"spotify:track:5w9c2J52mkdntKOmRLeM2m","Daddy Yankee, Snow","Con Calma","Craft Latino",1,185,366,"796445"
170,"spotify:track:3XF5xLJHOQQRbWya6hBp7d","Billie Eilish","you should see me in a crown","Darkroom/Interscope Records",11,141,213,"795884"
171,"spotify:track:7hpJ9tATWb2vztlq99hERP","Conan Gray","Maniac","Republic Records",138,165,33,"791769"
172,"spotify:track:2gwkD6igEhQbDQegRCcdoB","DaBaby","Suge","South Coast Music Group/Interscope Records",23,166,279,"791122"
173,"spotify:track:5hVghJ4KaYES3BFUATCYn0","Tyler, The Creator","EARFQUAKE","Columbia",5,159,138,"790501"
174,"spotify:track:5zZWKugaE2ZmnZN77HVfUH","Gorillaz, slowthai, SOFT PLAY","Momentary Bliss (feat. slowthai and Slaves)","Parlophone UK",174,-1,1,"788712"
175,"spotify:track:1rqqCSm0Qe4I9rUvWncaom","Panic! At The Disco","High Hopes","DCD2 / Fueled By Ramen",8,176,587,"785949"
176,"spotify:track:2ufmtcIFdFpuUYBPXK5f67","Halsey","Graveyard","Capitol Records",25,147,139,"782848"
177,"spotify:track:0DiDStADDVh3SvAsoJAFMk","Jonas Brothers","Only Human","Jonas Brothers Recording",21,160,222,"782522"
178,"spotify:track:0JP9xo3adEtGSdUEISiszL","XXXTENTACION","Moonlight","Bad Vibes Forever, LLC",2,182,672,"782033"
179,"spotify:track:6RRNNciQGZEXnqk8SQ9yv5","Taylor Swift","You Need To Calm Down","Taylor Swift",3,181,214,"781899"
180,"spotify:track:4ea9w8c4ROqiZpJVhfBA3m","Young Thug, Travis Scott, Gunna","Hot (Remix) [feat. Gunna and Travis Scott]","300 Entertainment/Atl",29,156,90,"780403"
181,"spotify:track:0qaWEvPkts34WF68r8Dzx9","Riton, Oliver Heldens, Vula","Turn Me On (feat. Vula)","Ministry of Sound Recordings",75,187,63,"779308"
182,"spotify:track:2bT1PH7Cw3J9p3t7nlXCdh","Shawn Mendes","If I Can't Have You","Island Records",3,163,267,"773321"
183,"spotify:track:3CYH422oy1cZNoo0GTG1TK","Red Velvet","Psycho","SM Entertainment",53,153,40,"772516"
184,"spotify:track:7K8vPC3GPWafq2zXHuUGXz","Lil Wayne","Mama Mia","Young Money Records, Inc.",184,-1,1,"770955"
185,"spotify:track:4bTZeO72FwMa6wKOiqoynL","Sech, Ozuna, Anuel AA, Darell, Nicky Jam","Otro Trago - Remix","Rich Music",9,191,187,"770059"
186,"spotify:track:2P91MQbaiQOfbiz9VqhqKQ","Lauv","I Like Me Better","Lauv",24,164,954,"769563"
187,"spotify:track:3g0mEQx3NTanacLseoP0Gw","The Chainsmokers, ILLENIUM, Lennon Stella","Takeaway","Disruptor Records/Columbia",26,161,179,"768844"
188,"spotify:track:58wyJLv6yH1La9NIZPl3ne","Kina, Adriana Proenza","Can We Kiss Forever?","Columbia",139,158,52,"768765"
189,"spotify:track:1ZMiCix7XSAbfAJlEZWMCp","Harry Styles","Falling","Columbia",18,152,50,"764161"
190,"spotify:track:3U4isOIWM3VvDubwSI3y7a","John Legend","All of Me","G.O.O.D. Music/Columbia",77,168,360,"763615"
191,"spotify:track:073ILU1C3APNRGF66VhtyA","Camila Cabello","Liar","Syco Music/Epic",20,178,147,"757791"
192,"spotify:track:2JvzF1RMd7lE3KmFlsyZD8","J. Cole","MIDDLE CHILD","Dreamville, Inc., Under exclusive license to Roc Nation Records",2,169,364,"757240"
193,"spotify:track:6TqXcAFInzjp0bODyvrWEq","Khalid, Disclosure","Talk (feat. Disclosure)","Right Hand Music Group, LLC/RCA Records",10,175,349,"750809"
194,"spotify:track:2iUXsYOEPhVqEBwsqP70rE","5 Seconds of Summer","Youngblood","Capitol",6,184,651,"750118"
195,"spotify:track:2hwOoMtWPtTSSn6WHV7Vp5","Mac Miller","Blue World","Warner Records",26,126,15,"749596"
196,"spotify:track:2IRZnDFmlqMuOrYOLnZZyc","Meek Mill, Drake","Going Bad (feat. Drake)","MMG/Atlantic",8,188,384,"747165"
197,"spotify:track:40T5GIqQ1CegGm2PTEl8Bu","Billie Eilish","idontwannabeyouanymore","Darkroom",60,162,302,"746902"
198,"spotify:track:4a6q8CR2hzLk2plDkSxkfD","Bazzi","I.F.L.Y.","iamcosmic",44,171,174,"741814"
199,"spotify:track:7ef4DlsgrMEH11cDZd32M6","Calvin Harris, Dua Lipa","One Kiss (with Dua Lipa)","Sony Music UK",1,-1,505,"741752"
200,"spotify:track:0Vl4eICpXMjtiK0RhdaWov","Samra, ELIF","Zu Ende","Urban",159,-1,3,"740525"
