rank,uri,artist_names,track_name,source,peak_rank,previous_rank,days_on_chart,streams
1,"spotify:track:67BtfxlNbhBmCDR2L2l8qd","Lil Nas X","MONTERO (Call Me By Your Name)","Columbia",1,1,22,"393076"
2,"spotify:track:6Vcxzw4ifKqYxVrp3ckpVF","Gazo","HAINE&SEX","BSB PROD",2,2,50,"365373"
3,"spotify:track:1bwhDrXcAtqePp8mNJ0pTe","Naps","La kiffance","OK Many Industrie et 13ème art Music",1,3,50,"300500"
4,"spotify:track:6sRPU30pj9A6G1pBXqzQkM","Moha K","Vroum Vroum","Wagram Music / W Lab",2,4,22,"275961"
5,"spotify:track:360oH1CqXe9XXzbbi6hvyr","Tayc","Le temps","Play Two",1,5,51,"255581"
6,"spotify:track:5qFOdxS3v8Dny9T4p2CUIy","Kore, Ninho","Mon poto - Extrait de la BO de « En Passant Pécho »","RCA Group",3,6,36,"215827"
7,"spotify:track:5LYRIyhmlrDAQsYdHEvP0f","Booba, JSX","Mona Lisa","Universal Music Distribution Deal",1,8,44,"209430"
8,"spotify:track:5BUl0EBl4tOmPtT9IN0UUP","Wejdene","Je t’aime de ouf","Universal Music Division Virgin Records",5,7,15,"207264"
9,"spotify:track:4iJyoBOLtHqaGxP12qzhQI","Justin Bieber, Daniel Caesar, GIVĒON","Peaches (feat. Daniel Caesar & Giveon)","RBMG/Def Jam",8,9,29,"195207"
10,"spotify:track:7qezIDRM0E3WTW1lWxItug","SCH, Jul","Mode Akimbo (feat. Jul)","Rec. 118",2,10,29,"187935"
11,"spotify:track:3bGGvbwbhq9kIMhHaXBdYL","Naps, SCH","La danse des bandits","OK Many Industrie et 13ème art Music",11,11,15,"171429"
12,"spotify:track:5xriTc82DdSAGToWcixBKf","Were-vana","Casanova","Play Two",12,15,65,"163139"
13,"spotify:track:2vBET2pmrQqafaS6zIaYta","Black Eyed Peas, Shakira","GIRL LIKE ME","Universal Music Division Polydor France",1,12,114,"157986"
14,"spotify:track:7moGDROshDKDpuQxtQ3q4m","Serge Ibaka, Ninho","Champion","Ouenzé Music",11,14,50,"156215"
15,"spotify:track:5uEYRdEIh9Bo4fpjDd4Na9","Travis Scott, HVME","Goosebumps - Remix","Cactus Jack/Epic",11,13,79,"156077"
16,"spotify:track:4cG7HUWYHBV6R6tHn1gxrl","Riton, Nightcrawlers, Mufasa & Hypeman, Mufasa, Dopamine","Friday (feat. Mufasa & Hypeman) - Dopamine Re-Edit","Ministry of Sound Recordings",10,18,79,"151909"
17,"spotify:track:3F1P0QzdXtBz0MXy7KIO5w","Dua Lipa, Angèle","Fever","Warner Records",1,16,169,"151543"
18,"spotify:track:03cOUvF1fyW60AuUfUNiDc","SCH, Freeze corleone","Mannschaft (feat. Freeze Corleone)","Rec. 118",1,19,30,"150606"
19,"spotify:track:717QGTmZdkemDaCo1vQHG0","13 Organisé, SCH, Kofs, Jul, Naps, Soso Maness, Elams, Solda, Houari","Bande organisée","Rien 100 Rien",1,21,245,"145077"
20,"spotify:track:3VT8hOC5vuDXBsHrR53WFh","Masked Wolf","Astronaut In The Ocean","Elektra (NEK)",17,17,68,"143896"
21,"spotify:track:5QO79kh1waicV47BqGRL3g","The Weeknd","Save Your Tears","Republic Records",4,20,103,"142785"
22,"spotify:track:2vd2HEhrkafOi2uveHjzzh","Alonzo, Jul, Naps","La Seleçao","Universal Music Distribution Deal",11,23,22,"137326"
23,"spotify:track:4MzXwWMhyBbmu6hOcLVD49","Bad Bunny, JHAYCO","DÁKITI","Rimas Entertainment LLC",3,22,164,"136519"
24,"spotify:track:54rHJPDt8DUE2RtSg6Bsrf","Sadek, Ninho, SCH","Kimono (feat. SCH et Ninho)","Rec. 118",6,25,8,"131403"
25,"spotify:track:7uCLrBdy5FH6T7vcJzqRd7","Amel Bent, Hatik","1,2,3","Universal Music Division Capitol Music France",7,26,169,"130374"
26,"spotify:track:5SqR7dxbJiTSadTaVEhZ04","Jok'air","Elles ont trop joué avec mon coeur","Play Two",10,24,126,"128172"
27,"spotify:track:1p9dxTMtG4gZpLp7yzvT54","Therapie TAXI","Eté 90","Panenka Music",27,32,99,"126878"
28,"spotify:track:0i5GJckWb9uCZU4jcGoBca","Ninho","Tout en Gucci","Rec. 118",4,30,169,"126565"
29,"spotify:track:2pPO9YecZimmuVQfIzfV6U","Ofenbach, Lagique","Wasted Love (feat. Lagique)","Elektra France",25,27,85,"120723"
30,"spotify:track:25PVU9aowaP69bSYRBe3sj","Gazo, Tiakola","KASSAV (feat. Tiakola)","BSB PROD",9,29,92,"120645"
31,"spotify:track:5cpJFiNwYyWwFLH0V6B3N8","Ozuna, Doja Cat, Sia","Del Mar","Aura Music Corp.",26,31,196,"120072"
32,"spotify:track:3IWsDAFAwPNVnnTeQyUj7w","Marwa Loud, Eva","Allo","Argentic Music / Capitol",20,28,30,"118919"
33,"spotify:track:3BDHFeYIrqGpL8HNkuI6zv","SCH","Marché noir","Rec. 118",1,33,72,"114303"
34,"spotify:track:5YaskwnGDZFDRipaqzbwQx","ATB, Topic, A7S","Your Love (9PM)","Intercord",31,34,65,"109597"
35,"spotify:track:52yZydTRNmxinmjt5hjk95","SCH","Crack","Rec. 118",2,35,30,"100862"
36,"spotify:track:2iPFEYnitXLl4lSxvqZI3m","SDM, Booba","Daddy","Universal Music Division Capitol Music France",12,36,8,"98759"
37,"spotify:track:66tNDqYNR2S6Svwgm3BMi9","OBOY","Cabeza","Syndicate Records",3,40,288,"98396"
38,"spotify:track:7MAibcTli4IisCtbHKrGMh","Bruno Mars, Anderson .Paak, Silk Sonic","Leave The Door Open","Aftermath Entertainment/Atlantic",38,38,43,"97830"
39,"spotify:track:59o6ojGNGJOYiVJSzC6Lsa","David Guetta, Kid Cudi","Memories (feat. Kid Cudi) - 2021 Remix","Parlophone (France)",30,41,72,"96572"
40,"spotify:track:1j9kCQ1R2mh2AAieXmZOZ5","Djadja & Dinaz","À cœur ouvert","Carré music",4,37,52,"96239"
41,"spotify:track:3iw6V4LH7yPj1ESORX9RIN","Nathan Evans, 220 KID","Wellerman - Sea Shanty / 220 KID x Billen Ted Remix","Polydor Records",38,39,64,"95963"
42,"spotify:track:6MHUYde9edp2cjzwYgIjiw","Damso","J’avais juste envie d’écrire.","Trente-quatre Centimes",36,54,8,"93267"
43,"spotify:track:5dZ9YFidvSqVK44PfxhJmB","47ter","Vivre","Label entrecôte",43,88,130,"93254"
44,"spotify:track:0VjIjW4GlUZAMYd2vXMi3b","The Weeknd","Blinding Lights","Republic Records",1,43,505,"92760"
45,"spotify:track:3XoflnowYPFRPOh3uFvHcm","DJ Snake, Selena Gomez","Selfish Love (with Selena Gomez)","DJ Snake Music Productions Limited",40,49,44,"91446"
46,"spotify:track:4jPy3l0RUwlUI9T5XHBW2m","24kGoldn, iann dior","Mood (feat. iann dior)","Records/Columbia",3,48,235,"91371"
47,"spotify:track:0b18g3G5spr4ZCkz7Y6Q0Q","Majestic, Boney M.","Rasputin","NITRON music",47,53,23,"91330"
48,"spotify:track:7FdUvDkaE24o3FPIWTvzv2","Imagine Dragons","Follow You","KIDinaKORNER/Interscope Records",45,45,36,"89972"
49,"spotify:track:5SFXOMJJ334Wn2PwBHeRZN","Zoe Wees","Girls Like Us","Capitol Records UK / EMI",46,46,61,"89805"
50,"spotify:track:2hL0WVDLvlxZ60J4YyWvFW","Landy","Médusa","109 Record",1,47,120,"83468"
51,"spotify:track:1v1oIWf2Xgh54kIWuKsDf6","AURORA","Runaway","Decca (UMO)",50,50,11,"83316"
52,"spotify:track:70pkwEEG7nDTXBFqoGQkH0","Koba LaD, Maes, Zed","Coffre plein","Universal Music Division Capitol Music France",2,55,177,"81578"
53,"spotify:track:0Z8DRG0HgZJ1bIhCQqyzPo","Eva","Cœur noir","Universal Music Distributed Labels",1,42,134,"80351"
54,"spotify:track:6f3Slt0GbA2bPZlz0aIFXN","Tiësto","The Business","Atlantic Records",41,52,161,"79913"
55,"spotify:track:2uj7OACDZUQIvAfKAwtHES","Joé Dwèt Filé, Ronisia","Jolie madame (feat. Ronisia)","DF EMPIRE",55,73,8,"79817"
56,"spotify:track:4Lt6GXGzYsa1tgkv3nGSTm","Jason Derulo, Nuka","Love Not War (The Tampa Beat)","Robots & Humans",28,51,112,"77886"
57,"spotify:track:0qPcwdfndSahEBm4pPGZYq","SCH","Loup noir","Rec. 118",1,44,33,"77789"
58,"spotify:track:0Jh6iWjna1wk5le0Ahn7No","Ninho","La vie qu'on mène","Rec. 118 / Mal Luné Music",2,56,757,"77228"
59,"spotify:track:12GV2Wr4p1hBWQCrQcVsew","PLK, Hamza","Pilote (feat. Hamza)","Panenka Music",5,60,233,"76062"
60,"spotify:track:0mAinALNSl5TurTs9ZPUMp","Lucenzo","Bailamos","Play Two",60,80,82,"75565"
61,"spotify:track:6fRxMU4LWwyaSSowV441IU","Maroon 5, Megan Thee Stallion","Beautiful Mistakes (feat. Megan Thee Stallion)","Interscope Records*",55,59,36,"74585"
62,"spotify:track:1t9WgS8FN0534tLBRwbaxO","CJ","Whoopty","Warner Records",13,75,145,"73845"
63,"spotify:track:1J14CdDAvBTE1AJYUOwl6C","Duncan Laurence","Arcade","Universal Music, a division of Universal International Music BV",57,58,65,"73416"
64,"spotify:track:4kfjlrD1hs7VE1dXVM091S","GIMS, Jul, SCH","GJS (feat. Jul & SCH)","Play Two",18,57,12,"73354"
65,"spotify:track:58rllnv82jFItEjHTjEYqM","Caballero, PLK","Arriba","Universal Music Division Virgin Records",65,-1,1,"72526"
66,"spotify:track:3qDICBGWYjvp3G7vdDXu2Q","Kodes, Zola","Ghini Ghini (feat. Zola)","Wati-B",66,-1,1,"72365"
67,"spotify:track:5wXkbtZO1HsOQ1P75zi35p","Vianney","beau-papa","Tôt Ou Tard",26,72,177,"70685"
68,"spotify:track:3fNwPIjTE0rOO9chAavgQG","M. Pokora, Dadju","Si on disait","TF1 MUSIQUE, un label de MUZEEK ONE",61,61,79,"70197"
69,"spotify:track:2chIkORxBLpPVgruGiMY8k","Damso","911","Trente-quatre Centimes",6,63,212,"69790"
70,"spotify:track:2hdZU4XpOp3pzE8F2nztYO","47ter","J'essaie","Label entrecôte",70,-1,1,"69287"
71,"spotify:track:5HEtuK03ygUzqca6yfgOYZ","Ninho","Lettre à une femme","Rec. 118 / Mal Luné Music",1,65,406,"67835"
72,"spotify:track:41mbANHqOIULPmYi5Hp4ey","Grand Corps Malade, Louane","Derrière le brouillard","Anouche Productions",67,70,51,"67411"
73,"spotify:track:5IDnEkOCdOp1F0XTAMG3Rk","1PLIKÉ140","LOPSA STORY","140BRICKS",20,62,120,"67345"
74,"spotify:track:0QMHp1X3B5BGN6J3HynHT1","Jul, SCH","Mother Fuck","D'Or et de Platine",1,68,127,"67029"
75,"spotify:track:2ZjTAieewsBC24kPGfLagc","Booba","RATPI WORLD","Universal Music Distribution Deal",1,77,82,"66226"
76,"spotify:track:0G4puQDFyihFfN8h6PpVDo","Wejdene","Réfléchir","Universal Music Division Virgin Records",17,71,57,"66133"
77,"spotify:track:6uAL5MbQ6bOBOrgqf05FK6","Djadja & Dinaz","Plein les poches","Carré music",4,69,22,"65582"
78,"spotify:track:0XwSUpdrF7nR7hVxbDs7mb","Sia, David Guetta","Floating Through Space","Monkey Puzzle/Atlantic",70,76,53,"65545"
79,"spotify:track:1iAyJBksvAI6DQEnzv8l1E","Robin Schulz, KIDDO","All We Got (feat. KIDDO)","WM Germany",15,66,168,"65418"
80,"spotify:track:6ab3CQvDlAVttThZucwGQ1","Hatik","Angela","Duetti",1,83,395,"63936"
81,"spotify:track:748mdHapucXQri7IAO8yFK","Doja Cat, SZA","Kiss Me More (feat. SZA)","Kemosabe Records/RCA Records",61,64,8,"63808"
82,"spotify:track:3K8Iec6qaIpcVgyWs0hOYq","Gazo","TCHIN 2X","BSB PROD",30,67,118,"63228"
83,"spotify:track:1mKg1S2CE0plkFkKRnZCwl","Kore, Lacrim","Mango - Extrait de la BO de « En Passant Pécho »","RCA Group",37,82,71,"63134"
84,"spotify:track:7hxHWCCAIIxFLCzvDgnQHX","Internet Money, Gunna, Don Toliver, NAV","Lemonade (feat. NAV)","Internet Money Records / TenThousand Projects",7,85,222,"62663"
85,"spotify:track:1rgnBhdG2JDFTbYkYRZAku","Tones And I","Dance Monkey","Elektra (NEK)",2,90,612,"62041"
86,"spotify:track:5nujrmhLynf4yMoMtj8AQF","Dua Lipa, DaBaby","Levitating (feat. DaBaby)","Warner Records",31,97,166,"61213"
87,"spotify:track:2bXRmU7X5Te9FCBEjlwUEx","BU$HI","Obito","SATURN RECORDS",54,79,40,"60950"
88,"spotify:track:6UelLqGlWMcVH1E5c4H7lY","Harry Styles","Watermelon Sugar","Columbia",22,91,315,"60522"
89,"spotify:track:1J4oMIhWDUd9cI1urhEyjl","Naza, Niska","Joli bébé","Capricarolesque",2,93,218,"59569"
90,"spotify:track:1My8oKezaFe1yuwowQKHuy","Tom Gregory","Rather Be You","B1 Recordings",23,98,187,"59413"
91,"spotify:track:3J8EOeKLTLXORtWPpOU5bE","Lil Tjay, 6LACK","Calling My Phone","Columbia",73,74,64,"59175"
92,"spotify:track:2BLJJmV6hj5nJ5mkEj2LoJ","SDM, PLK","Le bruit des applaudissements","Universal Music Division Capitol Music France",27,81,8,"59129"
93,"spotify:track:3WCMzZvH2zK476lasbLx0s","Zola, SCH","9 1 1 3 (feat. SCH)","AWA",1,105,148,"58610"
94,"spotify:track:2twcZTB1udOEzDCPpTiOju","Grand Corps Malade, Camille Lellouche","Mais je t'aime","Anouche Productions",22,92,301,"58509"
95,"spotify:track:3Mxx5gTDRjUF5u7q5NRChG","Soprano","Près des étoiles","Rec. 118",95,132,2,"58217"
96,"spotify:track:4tJYqq9gYr0RATc1BpDkpy","DA Uzi, Ninho, SCH, Hornet La Frappe, Leto, Sadek, Soprano","La vie du binks (feat. Hornet La Frappe, Leto, Sadek, Soprano)","Rec. 118",4,78,106,"58075"
97,"spotify:track:4QAgUdcBSPz0TkqFCJmoRp","SCH","Zone à danger","Rec. 118",6,107,30,"57700"
98,"spotify:track:7n2IirOomwTTGdGZVZ3vCD","SCH","Grand bain","Rec. 118",3,86,30,"57678"
99,"spotify:track:1KixkQVDUHggZMU9dUobgm","Ava Max","My Head & My Heart","Atlantic Records",66,102,115,"57006"
100,"spotify:track:1w4JFPONvpiZs1VZ9oSBsA","Major Lazer, Aya Nakamura, Swae Lee, Diplo","C'est Cuit","Mad Decent",63,99,22,"56950"
101,"spotify:track:27OeeYzk6klgBh83TSvGMA","The Kid LAROI","WITHOUT YOU","Columbia",75,100,85,"56781"
102,"spotify:track:7fu7J4k1mdnmpfVXFuEShk","Jérémy Frerot","Un homme","6&7",95,111,48,"56540"
103,"spotify:track:7lPN2DXiMsVn7XUKtOW1CS","Olivia Rodrigo","drivers license","Olivia Rodrigo PS",2,87,97,"56175"
104,"spotify:track:7toL2moA2sVueHJKDhVD0n","Leto, Ninho","Vie de star (feat. Ninho)","Rec. 118",32,89,100,"56169"
105,"spotify:track:02uSh14aUckmfTVj5MEhmg","ASHE 22, Freeze corleone","Scellé Part. 3","22 records",28,84,8,"55804"
106,"spotify:track:0W4MOQ2kTOm1y7ooahgQP1","Dadju, Ninho","Grand bain","Universal Music Division Capitol Music France",1,110,302,"55176"
107,"spotify:track:2pj0SNwkwxVWeFrAYtUAhB","SCH","Parano","Rec. 118",8,95,29,"54519"
108,"spotify:track:6zFMeegAMYQo0mt8rXtrli","Lil Nas X","HOLIDAY","Columbia",31,101,149,"54511"
109,"spotify:track:66ekL2hBXsDLZcC8on0hvX","Niska","Bolivienne","Universal Music Division Capitol Music France",66,96,10,"54300"
110,"spotify:track:0Q1ZthgaRH9sLIHHDrzX4X","Booba, Maes","VVV","Universal Music Distribution Deal",4,106,44,"54275"
111,"spotify:track:0h5loK7awcpjgerjVSKHCg","SCH","Corrida","Rec. 118",11,94,29,"54096"
112,"spotify:track:3lTL4LdFKVF51lseI2nk5D","Naps, Ninho","6.3","Ok Many Industrie / 13Eme Art Music",1,128,421,"53954"
113,"spotify:track:3bD9Zh2r81FCSrHLWmOmix","Vladimir Cauchemar, Asdek, Laylow, Rim'K","Brrr","Universal Music Division Virgin Records",58,103,9,"53536"
114,"spotify:track:79aL0u0Ll6BdI4YrrIXY5y","Angelcy","Laisser faire","Play Two",88,109,18,"53300"
115,"spotify:track:79s5XnCN4TJKTVMSmOx8Ep","Pop Smoke","Dior","Victor Victor Worldwide",52,118,355,"53184"
116,"spotify:track:41xAUseykaaSdmry5hVOkV","GIMS, Dadju, Slimane","BELLE","Play Two",68,120,12,"52975"
117,"spotify:track:26xheWSJ6cJf1oF5ooC4ZC","Gazo","EUPHON","BSB PROD",60,112,37,"52973"
118,"spotify:track:4rPkN1FMzQyFNP9cLUGIIB","Dua Lipa","Love Again","Warner Records",118,123,30,"52917"
119,"spotify:track:5Dbta2wS3lQs4CT8f0Oc9t","47ter","Avec toi","Label entrecôte",119,-1,2,"52791"
120,"spotify:track:0zLCBJZSiELJf02ucPP9wb","SAINt JHN, Imanbek","Roses - Imanbek Remix","Columbia/B1 Recordings",2,125,513,"52700"
121,"spotify:track:4Z9CNGHElj2rLkB8mQdvnA","Leto, Ninho","Macaroni (feat. Ninho)","Rec. 118",2,108,233,"52678"
122,"spotify:track:3eGnvpFOpf2CEffcKjbC5m","Gazo, Freeze corleone","Drill FR 4","BSB PRODUCTIONS",121,121,118,"52075"
123,"spotify:track:1HDqaIxeJ70BTHgZWEuaeT","Dadju, Tiakola","Dieu merci","Universal Music Division Capitol Music France",6,116,190,"51945"
124,"spotify:track:1tkg4EHVoqnhR6iFEXb60y","Pop Smoke","What You Know Bout Love","Victor Victor Worldwide",13,122,208,"51628"
125,"spotify:track:0siYMEsGrzzzlWLXK5zJfS","Joel Corry, RAYE, David Guetta","BED","Perfect Havoc / Asylum Records",117,130,22,"51414"
126,"spotify:track:5TyBXMmVCtAxpOMTCILl8C","UZI","À la fête","Argentic Music / Capitol",5,124,290,"51237"
127,"spotify:track:0RJn54iW71JQg9g2ZJVAPF","SCH","Fournaise","Rec. 118",4,114,30,"51115"
128,"spotify:track:6rTInqW3YECMkQsBEHw4sd","Young Stoner Life, Young Thug, Gunna, Drake","Solid (feat. Drake)","300 Entertainment",128,-1,1,"51106"
129,"spotify:track:2W4pIy8ThH4ib8fOGxcLjX","Kendji Girac","Evidemment","Universal Music Division Polydor France",117,119,37,"50310"
130,"spotify:track:6DPrYPPGYK218iVIZDix3i","Freeze corleone","Freeze Raël","Universal Music Division Virgin Records Distribution Deal",2,117,216,"50108"
131,"spotify:track:1IPDbkUOROrSUzWzojcfAg","Sadek, Vald","Alliance (feat. Vald)","Rec. 118 / Industreet",38,104,8,"50068"
132,"spotify:track:3c39RLhnaw269QgsKnhFng","Landy, Ninho","Enfants terribles","109 Record",7,162,120,"49956"
133,"spotify:track:3FAJ6O0NOHQV8Mc5Ri6ENp","GIVĒON","Heartbreak Anniversary","Epic/Not So Fast",106,126,33,"49590"
134,"spotify:track:4anIBmLsJh7ymtaDardUgP","Léa Castel, Jul","Lovely","2100 records",134,-1,1,"49205"
135,"spotify:track:6Tio0ZoDeSQnI7EBAqWer2","P!nk, Willow Sage Hart","Cover Me In Sunshine","RCA Records Label",120,156,34,"48895"
136,"spotify:track:7ytR5pFWmSjzHJIeQkgog4","DaBaby, Roddy Ricch","ROCKSTAR (feat. Roddy Ricch)","South Coast Music Group/Interscope Records",4,137,364,"48499"
137,"spotify:track:0Vnmr0cgh7iJbjtKITDJ9S","Larry","Booster","GOTHVM Records",47,115,22,"48411"
138,"spotify:track:4WB9OeauHXnGOMUK4s80gM","Lomepal","Trop beau","Pineale Prod - Grand Musique Management",1,144,850,"48333"
139,"spotify:track:3bidbhpOYeV4knp8AIu8Xn","Macklemore, Ryan Lewis, Macklemore & Ryan Lewis, Ray Dalton","Can't Hold Us (feat. Ray Dalton)","Macklemore",14,142,172,"48137"
140,"spotify:track:2g63GxCZUmhsr4XoKR93F6","Hatik, Jok'air","La meilleure","Duetti",12,133,383,"47911"
141,"spotify:track:3ijQFCjoldvRJjOn4AK4iS","Naza, KeBlack, Naps","Ma Play","Capricarolesque",123,127,8,"47888"
142,"spotify:track:6tDDoYIxWvMLTdKpjFkc1B","Kali Uchis","telepatía","EMI / Interscope",89,129,46,"47756"
143,"spotify:track:5lCxlSBFyP5g4EhVypAoOu","PNL","Au DD","QLF Records",1,138,660,"47679"
144,"spotify:track:5L09CdaER796cCJOhik0D8","Kaaris","Château noir","Universal Music Division Virgin Records Distribution Deal",3,113,36,"47585"
145,"spotify:track:1Lulg5ZiMEXy3QNwb1PB8I","Ninho","Zipette","Rec. 118 / Mal Luné Music",3,145,405,"47555"
146,"spotify:track:2nYPVp7BJuoaJ4rQmg5FM5","Major Lazer, Sia, Labrinth, Diplo","Titans","Mad Decent",136,136,21,"47451"
147,"spotify:track:6cx06DFPPHchuUAcTxznu9","Joel Corry, MNEK","Head & Heart (feat. MNEK)","Atlantic Records UK",33,159,215,"46758"
148,"spotify:track:65qLZYZ9jtjC4oHJlNz3RF","SCH","Assoces","Rec. 118",12,135,29,"46218"
149,"spotify:track:0F9nbagjqsn6nM8d1IxR3q","SDM","Van Damme","Universal Music Division Capitol Music France",47,134,11,"46047"
150,"spotify:track:5GyyPRvEwdI4wJSUbzxHQv","Maes, Booba","Blanche","Universal Music Division Capitol Music France",1,152,456,"45688"
151,"spotify:track:0osvOdeD3YXZiWkT8MKolJ","Jason Derulo, Adam Levine","Lifestyle (feat. Adam Levine)","Atlantic Records",149,-1,27,"45653"
152,"spotify:track:6Y7ASgqMynK2IYYYVWnnGo","Clara Luciani","Le reste","Universal Music Division Romance Musique",145,165,8,"45418"
153,"spotify:track:1M4OcYkxAtu3ErzSgDEfoi","Cardi B","Up","Atlantic Records",148,153,36,"45332"
154,"spotify:track:7uZqvqXzzYMKrexKxdcGmd","Young Stoner Life, Young Thug, Gunna, Travis Scott","Diamonds Dancing (feat. Travis Scott)","300 Entertainment",154,-1,1,"44908"
155,"spotify:track:1kTlT3phtU2yqTJYT1x6hb","Purple Disco Machine, Moss Kena, The Knocks","Fireworks (feat. Moss Kena & The Knocks)","Columbia Local",132,161,8,"44879"
156,"spotify:track:5hM1Bta5Ej1rRyOXStRIzH","Rim'K, PLK","Cosmos","MB",9,149,64,"44816"
157,"spotify:track:3IBGucn7p21Ia6yAldx6qn","47ter","Sommeil Noir","Label entrecôte",157,-1,1,"44763"
158,"spotify:track:0KBwGCY9RYD9t2zjeW4h48","Bosh","Djomb - Bien ou quoi","Arista France",1,172,362,"44714"
159,"spotify:track:2p7V1QEwmNpJS4Cr7KGGWo","Naps, Jul","Sans limites","OK Many Industrie et 13ème art Music",40,147,31,"44677"
160,"spotify:track:6i7zAdNhzUN2k1HcrBxPHG","Ofenbach, Quarterhead, Norma Jean Martine","Head Shoulders Knees & Toes (feat. Norma Jean Martine)","Elektra France",12,148,314,"44652"
161,"spotify:track:42iot95IIzvmHIjgas4y2R","Djadja & Dinaz, SRNO","BB","Carré music",16,140,22,"44419"
162,"spotify:track:1zPefdsgeLBNZjkxKstBrh","SCH","Euro","Rec. 118",10,143,30,"44412"
163,"spotify:track:2z8W6Pky07PKJVrF6IPTkp","Dosseh","La vie d'avant","Universal Music Distribution Deal",163,-1,1,"43530"
164,"spotify:track:21SfDIzLqA9PltXot9U5Wc","UZI","Coeur abîmé","Argentic Music / Capitol",26,146,85,"43404"
165,"spotify:track:10nCB4Iq9BI3aW2iEldiR9","Gazo","A$AP","BSB PROD",14,131,50,"43243"
166,"spotify:track:5buwti8KR41CbKSv3nnqzu","Djadja & Dinaz","Essayez","Carré music",18,151,22,"43156"
167,"spotify:track:4TnFANpjVwVKWzkxNzIyFH","Gradur, Heuss L'enfoiré","Ne reviens pas","Universal Music Division Capitol Music France",1,185,501,"43106"
168,"spotify:track:4h1XaZGJm0skvKAzjc8CtJ","SCH","Aluminium","Rec. 118",7,154,30,"42837"
169,"spotify:track:1COYNecOxmnapvty8PVR4s","Booba","GP","Universal Music Distribution Deal",2,155,44,"42789"
170,"spotify:track:0PvFJmanyNQMseIFrU708S","Pop Smoke, Lil Baby, DaBaby","For The Night","Victor Victor Worldwide",20,160,286,"42583"
171,"spotify:track:4iNPp0BZ4lBu7bipdWLcWk","Vitaa, Slimane","Avant toi","Universal Music Division Capitol Music France",16,164,465,"42072"
172,"spotify:track:5xjcnpvUMe0rXiDKNZT5Wf","Djadja & Dinaz","Perdu","Carré music",4,158,119,"41907"
173,"spotify:track:2ewjMyCbNv2X1dB2qIDCwD","Damso","Θ. Macarena","Universal Music Division Carthage Music",1,163,813,"41648"
174,"spotify:track:7iZVBT6LV32t4l00p73VAw","Aya Nakamura, Stormzy","Plus Jamais (feat. Stormzy)","Rec. 118",1,167,155,"41642"
175,"spotify:track:0BD9boQC7jUTWkAoib4Z0d","Soolking, Dadju","Meleğim","Universal Music Division Capitol Music France",2,176,433,"41639"
176,"spotify:track:6pdgDTMMDY8HjfJ1n7T9z5","Landy, Niska","Millions d'euros","109 Record",5,141,143,"41565"
177,"spotify:track:0jUBH6aktBM2KCNnEZfBWJ","Bosh","Slide","Arista France",11,175,174,"41390"
178,"spotify:track:3VvA1wSxukMLsvXoXtlwWx","Boza","Hecha Pa' Mi","Sony Music Latin",178,181,5,"41379"
179,"spotify:track:0Cnb8XdGDMHAmIRBUJMkIS","Toby Romeo, Felix Jaehn, FAULHABER","Where The Lights Are Low","Intercord",158,189,20,"41360"
180,"spotify:track:61KpQadow081I2AsbeLcsb","Olivia Rodrigo","deja vu","Olivia Rodrigo PS",150,150,8,"41327"
181,"spotify:track:2NVYFFZ5ebbSLaYzFND9yN","47ter","Légende","Label entrecôte",181,-1,1,"41234"
182,"spotify:track:22fnwJ1SX4pQaOf6ZzlsCy","Sadek","Aller-retour","Rec. 118 / Industreet",61,157,9,"41131"
183,"spotify:track:70APCdHsWV5BEsacwjzXmd","Dadju","Amour toxic","Universal Music Division Capitol Music France",14,173,202,"41127"
184,"spotify:track:7qEHsqek33rTcFNT9PFqLf","Lewis Capaldi","Someone You Loved","Vertigo Berlin",24,170,639,"41086"
185,"spotify:track:0LU7THzZmFI0k5Z9Upxbto","Lacrim, Maes","Boston George","Universal Music Distribution Deal",3,186,180,"41052"
186,"spotify:track:3PfIrDoz19wz7qK7tYeu62","Dua Lipa","Don't Start Now","Warner Records",8,196,346,"40866"
187,"spotify:track:1q9m2uGgiuKwy4t5q4v7sK","Lynda","Si tu m'aimes 2","Universal Music Division Label Panthéon",76,169,71,"40843"
188,"spotify:track:1kYjNPTvZ8G68dYTkG3BqD","Julien Doré","Nous","Columbia",55,-1,101,"40839"
189,"spotify:track:6eS66pycu91zUl7v2kuU6q","Zkr, PLK","Tu vois comment ?","Morning Glory Music / All Road / Allpoints",4,-1,83,"40700"
190,"spotify:track:1rCUcUnzMbnvf7cLOl2EkJ","SCH","Mafia","Rec. 118",15,166,29,"40585"
191,"spotify:track:6755DFiZ7CWe2WMdTGW5C1","Young Stoner Life, Young Thug, Gunna","Ski","300 Entertainment",191,-1,1,"40439"
192,"spotify:track:4ZuuPLV4qYiznagLAFPHcW","47ter","Côte Ouest","Label entrecôte",5,200,576,"40412"
193,"spotify:track:525GY0mXYnxajolwgS8Eaz","Lucky Luke","Cooler Than Me","Columbia/B1 Recordings",15,183,209,"40201"
194,"spotify:track:7jtQIBanIiJOMS6RyCx6jZ","Tom Odell","Another Love","ITNO/Columbia",172,179,8,"40097"
195,"spotify:track:78JV0Tgit8pAKUiAW7vhsn","Djadja & Dinaz","Moi-même","Carré music",8,171,22,"40059"
196,"spotify:track:2B5LpyVHXfkTIleBg04qpV","Caballero","Polaire","Universal Music Division Virgin Records",196,-1,1,"39952"
197,"spotify:track:7xISE22N518t5HLsibFvEC","Dinos, Nekfeu","Moins un","Universal Music Distribution Deal",1,174,133,"39924"
198,"spotify:track:1Sb7QJRawbARgpMqyYNMkT","Maes, Ninho","Distant","Universal Music Division Capitol Music France",2,192,470,"39875"
199,"spotify:track:0jKtpN3rsW1831n2w6OfH9","Booba","Ultra","Universal Music Distribution Deal",3,180,42,"39529"
200,"spotify:track:4YcK0u6DgSg1jQqWYCXTBq","Aya Nakamura","La machine","Rec. 118",19,-1,114,"39261"
