rank,uri,artist_names,track_name,source,peak_rank,previous_rank,days_on_chart,streams
1,"spotify:track:1vVZLmZq8gN8pPCEBLjPvD","Kalash, Damso","Mwaka Moon","Universal Music Division Capitol Music France",1,1,82,"176132"
2,"spotify:track:7wGoVu4Dady5GV0Sv4UIsx","Post Malone, 21 Savage","rockstar (feat. 21 Savage)","Republic Records",2,2,102,"139375"
3,"spotify:track:1CYj9Yx8zrYvU93khXvmsA","Booba","Friday","Universal Music Distribution Deal",1,4,27,"136126"
4,"spotify:track:2HdCh16tdPjle1rm80Y6q7","Dadju","Reine","Universal Music Division Capitol Music France",2,5,234,"127230"
5,"spotify:track:3IQe7wqTyXxkqeMR8is76T","Damso","Tueurs","Universal Music S.A.",5,8,26,"118183"
6,"spotify:track:0ofbQMrRDsUaVKq2mGLEAb","Camila Cabello, Young Thug","Havana (feat. Young Thug)","Syco Music/Epic",4,6,133,"116955"
7,"spotify:track:0uBu60Wd7yzm2sFrj2hSr6","Niska","Salé","Universal Music Division Capitol Music France",2,7,96,"116692"
8,"spotify:track:6xqAP7kpdgCy8lERQHh29c","Booba, Damso","113","Universal Music Distribution Deal",1,9,27,"112353"
9,"spotify:track:1ywqGGNsfC9gditduk5hpZ","Booba","Petite fille","Universal Music Distribution Deal",1,10,26,"104481"
10,"spotify:track:4s7OqcUEyLJ1RkbzBopRGt","Kaaris, Kalash Criminel, Sofiane","Bling Bling","Universal Music Division Virgin Records",9,12,54,"98437"
11,"spotify:track:2nY6MRHWpW0AGXMoGDJOjX","Niska","Réseaux","Universal Music Division Capitol Music France",1,11,173,"94869"
12,"spotify:track:5SGoH6oXOUUWKpvuOzLEnM","Booba","Drapeau noir","Universal Music Distribution Deal",2,15,27,"90605"
13,"spotify:track:43ZyHQITOjhciSUUNPVRHc","Lil Pump","Gucci Gang","Warner Records",8,13,82,"89892"
14,"spotify:track:06IYJV7Ed3FfpJurK7OIFG","Booba","Ridin'","Universal Music Distribution Deal",2,16,26,"87122"
15,"spotify:track:5uTod3SFov0HLe1QAPn960","Booba","Trône","Universal Music Distribution Deal",4,18,27,"83995"
16,"spotify:track:2ogSMKrLQnICe1onHfr0rL","Lartiste","Catchu Catchu","Purple Money / Zayn Corporation",16,17,75,"80976"
17,"spotify:track:1j4kHkkpqZRBwE0A4CN4Yv","ZAYN, Sia","Dusk Till Dawn (feat. Sia) - Radio Edit","RCA Records Label",10,22,110,"80206"
18,"spotify:track:2r6C2IEw533mDs3sam5Zxx","Niska, Booba","Tuba Life","Universal Music Division Capitol Music France",1,19,96,"79556"
19,"spotify:track:7gmYDrNYV5AaTEnZo0yhtM","Orelsan","Tout va bien","7TH Magnitude / Strong Ninja",10,21,68,"79499"
20,"spotify:track:4eUxD9V0Df1prftDNBpQ9Z","Lacrim, Damso","Noche","Universal Music Division Capitol Music France",1,23,40,"74600"
21,"spotify:track:3hBBKuWJfxlIlnd9QFoC8k","Maroon 5, SZA","What Lovers Do (feat. SZA)","Interscope Records*",13,30,118,"71896"
22,"spotify:track:3ldfGgw7IoLHbaqmspX3ME","Ninho, Nekfeu","De l'autre côté (feat. Nekfeu)","Rec. 118 / Mal Luné Music",1,29,111,"71828"
23,"spotify:track:7qiZfU4dY1lWllzX7mPBI3","Ed Sheeran","Shape of You","Atlantic Records UK",1,20,355,"71394"
24,"spotify:track:0CokSRCu5hZgPxcZBaEzVE","Macklemore, Skylar Grey","Glorious (feat. Skylar Grey)","Bendo LLC",10,28,173,"71236"
25,"spotify:track:2NF8A7C6tICScdRaZ0BrEe","Ofenbach, Nick Waterhouse","Katchi - Ofenbach vs. Nick Waterhouse","Elektra France",16,25,113,"70376"
26,"spotify:track:5UEnHoDYpsxlfzWLZIc7LD","Eminem, Ed Sheeran","River (feat. Ed Sheeran)","Eminem Catalog PS",11,31,12,"69127"
27,"spotify:track:2ekn2ttSfGqwhhate0LSR0","Dua Lipa","New Rules","Warner Records",17,34,149,"68751"
28,"spotify:track:0IvTKTST66tq30ZeFWeqfm","Orelsan","Défaite de famille","7TH Magnitude / Strong Ninja",3,24,68,"68389"
29,"spotify:track:6xcXAVbDuVT1pCsa2rmDHY","Siboy, Benash, Damso","Mobali","Universal Music Division Capitol Music France",5,32,180,"67133"
30,"spotify:track:37YNulvDhyzULfhHycmhEl","Sadek, Ninho","Madre mia (feat. Ninho)","Rec. 118 / Industreet",6,33,103,"66492"
31,"spotify:track:3alSzdz0U10gV2aXVigYkT","Dadju, GIMS","Par amour","Universal Music Division Capitol Music France",11,40,33,"64588"
32,"spotify:track:2UZW9WOPXdxw9YMG1bebS8","Damso","Θ. Macarena","Universal Music Division Carthage Music",1,38,243,"64297"
33,"spotify:track:6mrKP2jyIQmM0rw6fQryjr","NF","Let You Down","NF Real Music",21,37,72,"64215"
34,"spotify:track:6QgjcU0zLnzq5OrUoSZ3OK","Portugal. The Man","Feel It Still","Atlantic Records",13,46,141,"63248"
35,"spotify:track:1gI6FedOWXQ7aSj4FfEiGK","Niska","Medellín","Universal Music Division Capitol Music France",3,41,96,"62957"
36,"spotify:track:2ICdvchXmDh5mdLyyL2opB","Orelsan","Basique","7TH Magnitude / Strong Ninja",2,39,98,"62950"
37,"spotify:track:2OyrNLP00LCDYFC5MMtdHq","Booba, Gato","Bouyon","Universal Music Distribution Deal",8,47,26,"61843"
38,"spotify:track:1bhUWB0zJMIKr9yVPrkEuI","Ed Sheeran, Beyoncé","Perfect Duet (Ed Sheeran & Beyoncé)","Atlantic Records UK",32,48,26,"60986"
39,"spotify:track:35gJuqfvrdlCA2MmAtaD3J","Ninho","Mamacita","Rec. 118 / Mal Luné Music",2,42,174,"60840"
40,"spotify:track:61TEjsLb7OlStCTpQfcHnC","Booba, Niska, Sidiki Diabaté","Ça va aller","Universal Music Distribution Deal",9,49,26,"60820"
41,"spotify:track:3B54sVLJ402zGa6Xm4YGNe","French Montana, Swae Lee","Unforgettable","Bad Boy Entertainment/Epic Records",3,53,254,"59999"
42,"spotify:track:03aduXwm6cTqO9bb4XFQ2b","Damso","Ε. Signaler","Universal Music Division Carthage Music",5,50,243,"59985"
43,"spotify:track:6wN357SzlXezV5aJ2wzAPV","GIMS","Caméléon","Play Two",43,52,47,"59759"
44,"spotify:track:0cW4qZevtGLVy7aejt6N3Y","Alonzo","Papa allo","Universal Music Division Island Def Jam",25,45,124,"58590"
45,"spotify:track:0tgVpDi06FyKpA1z0VMD4v","Ed Sheeran","Perfect","Atlantic Records UK",6,43,152,"57818"
46,"spotify:track:08Dx3uIZwSJIzhkHbteMg9","Booba","Centurion","Universal Music Distribution Deal",7,54,27,"57696"
47,"spotify:track:7EmGUiUaOSGDnUUQUDrOXC","Selena Gomez, Marshmello","Wolves","Selena Gomez PS",35,51,62,"56809"
48,"spotify:track:2Fs3jrnxAnPsiKmD3b37FE","Booba","Magnifique","Universal Music Distribution Deal",11,57,26,"55991"
49,"spotify:track:5k38wzpLb15YgncyWdTZE4","G-Eazy, Halsey","Him & I (with Halsey)","BPG/RVG/RCA Records",39,56,19,"55461"
50,"spotify:track:22s2CAMi1ciy0wMN42OCV2","Booba","À la folie","Universal Music Distribution Deal",12,61,26,"53319"
51,"spotify:track:4vEaXY95aExfle99vJgXzU","Hornet La Frappe","Je pense à toi","Rec. 118 / Diez Peufra",4,59,159,"52025"
52,"spotify:track:0Zbbxnx4SGGHoIow4PpISP","Kygo, Justin Jesso","Stargazing","Kygo",39,76,91,"51118"
53,"spotify:track:0J2a0afQcr63ymGo5hKCDo","Bigflo & Oli","Dommage","Universal Music Division Virgin Records",11,55,148,"50268"
54,"spotify:track:1mXVgsBdtIVeCLJnSnmtdV","Sam Smith","Too Good At Goodbyes","PLG - Capitol",28,63,110,"49416"
55,"spotify:track:2xmrfQpmS2iJExTlklLoAL","Clean Bandit, Julia Michaels","I Miss You (feat. Julia Michaels)","Atlantic Records UK",38,66,48,"48842"
56,"spotify:track:6L6yn9GeVqnlWX1npp6rAK","Dadju","Bob Marley","Universal Music Division Capitol Music France",15,64,33,"48550"
57,"spotify:track:1zsG4eaZmkA1dvjDDsAGLK","Luis Fonsi, Demi Lovato","Échame La Culpa","UMLE - Latino",55,74,40,"47895"
58,"spotify:track:4IWAyPf1KMq7JCyGeCjTeH","Imagine Dragons","Whatever It Takes","Kid Ina Korner / Interscope",37,85,102,"47616"
59,"spotify:track:0Wv5wuenRLI3BcwgT3HPIP","DJ Snake, Lauv","A Different Way (with Lauv)","Geffen",52,91,85,"47473"
60,"spotify:track:2OALaHcDdKkjYEpAr0Qzab","Avicii, Rita Ora","Lonely Together (feat. Rita Ora)","Pophouse Entertainment Group",26,89,132,"47314"
61,"spotify:track:5Rx8EFzn69ZDUak8U9jNwC","Booba","Nougat","Universal Music Distribution Deal",1,69,136,"47027"
62,"spotify:track:3aLSrx8qhssXrh5yjB6oy9","Martin Solveig, ALMA","All Stars","EMI",15,71,169,"46889"
63,"spotify:track:1E3zyoTHtJzsu5CjwIFIhY","Damso","Γ. Mosaïque solitaire","Universal Music Division Carthage Music",3,67,243,"46862"
64,"spotify:track:0ZX9rBmszRFqk10d8JeV1p","Booba","Terrain","Universal Music Distribution Deal",10,75,26,"46769"
65,"spotify:track:75UFzgBCaVwJJ4IVIaatpe","Damso","N. J Respect R","Universal Music Division Carthage Music",7,70,243,"46522"
66,"spotify:track:0bYg9bo50gSsH3LtXe2SQn","Mariah Carey","All I Want for Christmas Is You","Columbia",1,3,30,"45782"
67,"spotify:track:5h0cywRy1x3LQc7kHIxPgu","Booba","DKR - Bonus Track","Universal Music Distribution Deal",14,80,276,"45140"
68,"spotify:track:0tPQPaOKM32WgMSbPCYyRH","David Guetta, AFROJACK, Charli xcx, French Montana","Dirty Sexy Money (feat. Charli XCX & French Montana)","Parlophone (France)",68,103,51,"44304"
69,"spotify:track:64qdods9r5p6wovmRZdyg3","Dadju, Niska","Sous contrôle","Universal Music Division Capitol Music France",20,78,33,"43964"
70,"spotify:track:32DGGj6KlNuBr6WaqRxpxi","Charlie Puth","How Long","Artist Partner",58,83,65,"43862"
71,"spotify:track:16pMGll7Ngwq32CrLEMyxa","Jul, Marwa Loud","Je vais t'oublier","D'Or et de Platine",22,73,26,"43794"
72,"spotify:track:2jBleFNl3YK8lyJc1OvxXt","PNL","Jusqu'au dernier gramme","QLF Records",14,79,345,"43321"
73,"spotify:track:0Qh38w01QRXK6KHIv0e3hb","P!nk","What About Us","RCA Records Label",26,99,138,"43201"
74,"spotify:track:0OlnLZY4cmQzT6ZGttvWBM","Martin Garrix, David Guetta, Jamie Scott, Romy Dya","So Far Away (feat. Jamie Scott & Romy Dya)","Epic Amsterdam",63,81,22,"43198"
75,"spotify:track:4ixCzEIDG8nLFkIVO7gpQT","Jul","La tête dans les nuages","D'Or et de Platine",27,68,65,"42919"
76,"spotify:track:7vGuf3Y35N4wmASOKLUVVU","Marshmello, Khalid","Silence","Joytime Collective/RCA Records",36,86,132,"42907"
77,"spotify:track:3AlpkljBS1AU7HFVPms8K6","Sia","Santa's Coming for Us","Monkey Puzzle/Atlantic",12,26,5,"41929"
78,"spotify:track:644Y6gowYTqtd2U2XNKzDS","Kaaris","Diarabi","Universal Music Division Virgin Records",44,95,54,"41384"
79,"spotify:track:1wjzFQodRWrPcQ0AnYnvQ9","Lauv","I Like Me Better","Lauv",63,102,108,"41201"
80,"spotify:track:0b3dRQO5pgGtwSMufwmzAr","Orelsan","La fête est finie","7TH Magnitude / Strong Ninja",4,98,68,"41137"
81,"spotify:track:5cpMslbJb6KxMGcpfZQB2Q","Jul","Délicieuse","D'Or et de Platine",25,87,26,"40710"
82,"spotify:track:6TmLzC7dbkrWnh0bWXSpyq","4Keus Gang","O'KCLH","MG Records",77,94,88,"40675"
83,"spotify:track:3xbPIl1dqCSbymBpBrNl73","Hornet La Frappe","Maghrébin","Rec. 118 / Diez Peufra",29,93,89,"40613"
84,"spotify:track:39CsSn6zBZXomZ0dhW59fN","Jul","Henrico","D'Or et de Platine",23,90,29,"40059"
85,"spotify:track:5tz69p7tJuGPeMGwNTxYuV","Logic, Alessia Cara, Khalid","1-800-273-8255","Def Jam Recordings",53,121,138,"39811"
86,"spotify:track:05k8JclzlJZuO6dmfFmFW6","Niska","Story X","Universal Music Division Capitol Music France",3,96,96,"39767"
87,"spotify:track:5HrXDe1X7CmcrAImUTfBnv","Lacrim, Ninho","Veux-tu ?","Universal Music Division Capitol Music France",3,107,40,"39432"
88,"spotify:track:3SgnYOV9ONL0bIHaAcOYE1","Orelsan, Ibeyi","Notes pour trop tard (feat. Ibeyi)","7TH Magnitude / Strong Ninja",5,106,68,"39174"
89,"spotify:track:36SHbxigbf4iSCHdQVgy6V","Orelsan","San","7TH Magnitude / Strong Ninja",2,113,69,"37674"
90,"spotify:track:3kxw1ojLnfX1T5qq1wBaEu","Dadju","Comme si de rien n'était","Universal Music Division Capitol Music France",9,111,40,"37424"
91,"spotify:track:7anBA0IdgFaN3Pbyk2tog0","Alice Merton","No Roots","Paper Plane Records International",39,119,113,"36734"
92,"spotify:track:3L9Ih3UDmjqqVOhP6HXJbm","Kaaris","Je suis gninnin, je suis bien","Universal Music Division Virgin Records",14,112,75,"36101"
93,"spotify:track:4z0IXsydGE0IpQnO2uOlKU","Dadju, Alonzo, GIMS","Ma fierté","Universal Music Division Capitol Music France",21,124,61,"35819"
94,"spotify:track:1Tx2jZNOvlrj20ctkCg8vR","Orelsan, Nekfeu, Dizzee Rascal","Zone (feat. Nekfeu & Dizzee Rascal)","7TH Magnitude / Strong Ninja",1,131,68,"35647"
95,"spotify:track:4GCIYE1x1TWJCChPkpy9by","PNL","Onizuka","QLF Records",10,116,359,"35619"
96,"spotify:track:0VhkA3NAwIFfVW4NFCbAOD","Orelsan, GIMS","Christophe (feat. GIMS)","7TH Magnitude / Strong Ninja",5,125,68,"35387"
97,"spotify:track:3ZIWdjqDCjAtq4daPmYr6g","Dadju","Oublie-le","Universal Music Division Capitol Music France",11,123,33,"35135"
98,"spotify:track:7y4ELJ02ZssUMSkJiTfq2o","Niska","Chasse à l'homme","Universal Music Division Capitol Music France",9,129,242,"34242"
99,"spotify:track:5weGkCsxmc1xFA9mPKF22L","Booba","E.L.E.P.H.A.N.T - Bonus Track","Universal Music Distribution Deal",17,135,137,"34233"
100,"spotify:track:2gpgza83pGT4mJYjvb5cZo","Amir","États d'amour","Parlophone (France)",90,141,47,"34228"
101,"spotify:track:1zw40jMntljzbGsl0KJboE","Johnny Hallyday","Je te promets","Universal Music Division Mercury Records",4,62,21,"34075"
102,"spotify:track:4Ln4KAwk37peyCh2QpqYnP","Ninho","Rose","Rec. 118 / Mal Luné Music",4,122,109,"34035"
103,"spotify:track:69RclklKbEelwfQJCBzh0m","13 Block","Vide","Elektra France",103,142,10,"34012"
104,"spotify:track:6lOWoTqVnAWXchddtTH31W","Tom Walker","Leave a Light On","Relentless Records",89,128,26,"33889"
105,"spotify:track:1QhfbbWDw6jL0DsjErYkpi","Lisandro Cuxi","Danser","Universal Music Division Decca Records France",105,159,19,"33661"
106,"spotify:track:51PPDB9v8QOMkiUe06eYfc","Dadju, Franglish","Django","Universal Music Division Capitol Music France",23,134,32,"33537"
107,"spotify:track:68m6iwhKElLTBaGRG1LLwE","Diplo, MØ","Get It Right","Mad Decent",100,146,21,"33306"
108,"spotify:track:1uaAq8pSghvpVxlrOrgdeO","Lomepal","Yeux disent","Pineale Prod - Grand Musique Management",102,143,181,"33230"
109,"spotify:track:7Ij6GjCcmiAVJlm0ptzAPH","Marwa Loud","Fallait Pas","Purple Money",109,138,4,"32903"
110,"spotify:track:78DktVruMrKYyv6rjdKDMM","Ninho","Elle m'a eu","Rec. 118 / Mal Luné Music",5,132,109,"32859"
111,"spotify:track:1Fv767CH5YFrjo6HwzHnpR","Ninho, Sofiane","Laisse pas traîner ton fils (feat. Sofiane)","Rec. 118 / Mal Luné Music",6,147,109,"32839"
112,"spotify:track:7EI6Iki24tBHAMxtb4xQN2","Rita Ora","Anywhere","Atlantic Records UK",91,149,33,"32751"
113,"spotify:track:0tKcYR2II1VCQWT79i5NrW","Imagine Dragons","Thunder","Kid Ina Korner / Interscope",14,115,231,"32734"
114,"spotify:track:4cYFep5SECqb4EsSkF82e0","Orelsan, Stromae","La pluie (feat. Stromae)","7TH Magnitude / Strong Ninja",8,151,67,"32354"
115,"spotify:track:3qWNgvQTzSbA67Z4r0mX9O","Orelsan","Paradis","7TH Magnitude / Strong Ninja",10,156,67,"32210"
116,"spotify:track:6sO5rB2K8fIJVt11Omgw8Y","Jul","Amigo","D'Or et de Platine",24,126,25,"32122"
117,"spotify:track:4fB1rne6IrlH2Xk8YnIjA3","Sadek","La Vache","Rec. 118 / Industreet",20,148,130,"32049"
118,"spotify:track:6RcunYh727ddHarRJ4mTIj","Dadju","Lionne","Universal Music Division Capitol Music France",19,152,32,"31905"
119,"spotify:track:2nUJvBO87SkxCViQsLc9Zr","Big Shaq","Man's Not Hot","Universal-Island Records Ltd.",96,133,49,"31888"
120,"spotify:track:7krbSH3rd8lhIZvuzTV3Bl","James Arthur","Naked","Columbia Local",95,153,11,"31869"
121,"spotify:track:2i3WO0WkrlnrA1I4GdUmxh","Robin Schulz, HUGEL","I Believe I'm Fine","WM Germany",108,175,23,"31800"
122,"spotify:track:7GX5flRQZVHRAGd6B4TmDO","Lil Uzi Vert","XO Tour Llif3","Generation Now/Atlantic",56,150,244,"31379"
123,"spotify:track:50vna8HRbxMiRq9qIiZfOG","Hayce Lemsi","Pull in Up","Eleven's Music",94,168,18,"30932"
124,"spotify:track:2bN31IEckRU6jEj416ABvc","Kalash, Niska","Koussi koussa","Universal Music Division Capitol Music France",49,164,74,"30756"
125,"spotify:track:4oj5EhSEKKpxG3R34btLta","Orelsan","Quand est-ce que ça s'arrête","7TH Magnitude / Strong Ninja",11,167,67,"30745"
126,"spotify:track:2Za1AlJNvksouPPWbXpR2X","Macklemore, Kesha","Good Old Days (feat. Kesha)","Bendo LLC",84,165,95,"30324"
127,"spotify:track:2fgk04HR0nlgNysfX7fKF0","Lorenzo","Fume à fond","MFC",11,163,193,"30267"
128,"spotify:track:14EgW52HVqnLHd30bgbPxg","Ty Dolla $ign, Future, Kiiara","Darkside (with Ty Dolla $ign & Future feat. Kiiara)","Atlantic Records",128,187,13,"29838"
129,"spotify:track:3kBOLktyP8cJv5PxqYk24z","Lacrim","Gericault","Universal Music Division Capitol Music France",8,160,39,"29305"
130,"spotify:track:7fwXWKdDNI5IutOMc5OKYw","J Balvin, Willy William, Beyoncé","Mi Gente Feat. Beyoncé","Scorpio Music",51,188,89,"29208"
131,"spotify:track:3WAKs2Rne0gHa9NR6LTZjU","Hayce Lemsi","Havana","Eleven's Music",83,193,16,"28924"
132,"spotify:track:54G8osRu1htBw1PQEkYIdL","Alonzo","Suis-moi","Universal Music Division Island Def Jam",4,178,151,"28733"
133,"spotify:track:1bPAaKRZSoBWBeeT0idULo","Hornet La Frappe","Gramme 2 peuf","Rec. 118 / Diez Peufra",28,182,311,"28488"
134,"spotify:track:0NtPpJFWj9bTxouuSSYSbc","Louane","Si t'étais là","Universal Music Division Island Def Jam",91,189,38,"28450"
135,"spotify:track:0rDp24SRrDTsrVoUdSWZa2","Columbine, Lujipeka, Chaps","Pierre, feuille, papier, ciseaux","Universal Music Distribution Deal",26,174,138,"28427"
136,"spotify:track:00X2yv2vrtritPt2CZnUTZ","PNL","Bené","QLF Records",3,180,359,"28313"
137,"spotify:track:19s7kcYey8tz8BienN8S4J","MMZ","Orion","TPLG Records",44,179,46,"28290"
138,"spotify:track:67vgq9l5uvS6JKNOsTQs44","Dadju","Déjà trouvé","Universal Music Division Capitol Music France",32,183,32,"28227"
139,"spotify:track:4V6MRo0CEAC9MwAm7dkPuL","Camila Cabello","Real Friends","Syco Music/Epic",139,-1,3,"28140"
140,"spotify:track:0CcQNd8CINkwQfe1RDtGV6","Imagine Dragons","Believer","Kid Ina Korner / Interscope",10,170,320,"28119"
141,"spotify:track:7f0Nl31UzFBI7izAXdfp88","Orelsan","Bonne meuf","7TH Magnitude / Strong Ninja",12,-1,66,"28017"
142,"spotify:track:4HvYhaXDmmAW6ZmPcgPZca","Damso","B. #QuedusaalVie","Universal Music Division Carthage Music",2,-1,241,"27613"
143,"spotify:track:57U26FwUclMqyZ5ylnPpw1","Damso","Α. Nwaar Is The New Black","Universal Music Division Carthage Music",1,-1,243,"27546"
144,"spotify:track:7m9OqQk4RVRkw9JJdeAw96","XXXTENTACION","Jocelyn Flores","Bad Vibes Forever / EMPIRE",92,154,102,"27469"
145,"spotify:track:7FJ6qIqVu7gO4ETs9gXJSu","Dadju","Seconde chance","Universal Music Division Capitol Music France",34,190,32,"27404"
146,"spotify:track:2DlIwu1iDTILEMXA7MUotn","P!nk","Beautiful Trauma","RCA Records Label",136,-1,3,"27376"
147,"spotify:track:6tiZhqx8IqDxCQXFit6tc0","Hornet La Frappe","Dead ça","Rec. 118 / Diez Peufra",27,197,88,"27350"
148,"spotify:track:2fQrGHiQOvpL9UgPvtYy6G","21 Savage","Bank Account","Slaughter Gang, LLC/Epic Records",114,-1,144,"27171"
149,"spotify:track:3rSi8CHHz7V96AwRQbbjf6","Abou Debeing, Dadju","C'est pas bon","Abou Debeing",149,-1,6,"27117"
150,"spotify:track:4kKJ5CjwCtksszPMntho4N","Nekfeu","Mauvaise graine","Universal Music Division Carthage Music",1,-1,356,"27073"
151,"spotify:track:5zbPPtpSfA5GQ9C1Ya3rrl","Lacrim, GIMS","Ce soir ne sors pas","Universal Music Division Capitol Music France",24,195,172,"27053"
152,"spotify:track:4BwcvkALEWX18xXDgXSVb6","Niska","Amour X","Universal Music Division Capitol Music France",14,200,91,"26937"
153,"spotify:track:5lns1XJ9lTCMRBmqlhQDTZ","Niska","B.O.C","Universal Music Division Capitol Music France",11,-1,290,"26806"
154,"spotify:track:0VgkVdmE4gld66l8iyGjgx","Future","Mask Off","Epic/Freebandz/A1",2,-1,301,"26690"
155,"spotify:track:0Od7kN7AfOoVfr4Xb93596","Kaaris","Kébra","Universal Music Division Virgin Records",18,-1,59,"26690"
156,"spotify:track:6UQnVA6GOZV16enKvuagq8","Kaaris","Dozo","Universal Music Division Virgin Records",9,-1,79,"26140"
157,"spotify:track:5bcTCxgc7xVfSaMV3RuVke","Calvin Harris, Pharrell Williams, Katy Perry, Big Sean, Funk Wav","Feels (feat. Pharrell Williams, Katy Perry & Big Sean)","Columbia",3,-1,192,"26076"
158,"spotify:track:4aWmUDTfIPGksMNLV2rQP2","Luis Fonsi, Daddy Yankee","Despacito","UMLE - Latino",2,161,328,"26059"
159,"spotify:track:3VdDQkNCQKPAL4nZlFKWlN","Benash, Booba","Ghetto","Universal Music Division Capitol Music France",9,-1,297,"25813"
160,"spotify:track:5Vcr9pirz2iARgvFBZwLhk","Dadju","Intuition","Universal Music Division Capitol Music France",25,-1,45,"25808"
161,"spotify:track:4iLqG9SeJSnt0cSPICSjxv","Charlie Puth","Attention","Artist Partner",4,-1,247,"25777"
162,"spotify:track:71bBFbfn2OBK5QwUJSLS44","Axwell /\ Ingrosso, Axwell, Sebastian Ingrosso","More Than You Know","Pophouse Entertainment Group",13,-1,190,"25691"
163,"spotify:track:2FRnf9qhLbvw8fu4IBXx78","Wham!","Last Christmas","Epic",3,14,17,"25512"
164,"spotify:track:3LKHzXKZa4cpx4XZo6RaaA","Orelsan","Dans ma ville, on traîne","7TH Magnitude / Strong Ninja",15,-1,66,"25489"
165,"spotify:track:6flVMwes9WcpCyNGTTVJ2j","DJ Sem, Marwa Loud","Mi Corazón","Universal Music Division Island Def Jam",37,-1,164,"25447"
166,"spotify:track:1VaQdhu4wt5Ic8GEmjIiF2","Dadju, KeBlack, Fally Ipupa","Trouvez-la moi","Universal Music Division Capitol Music France",33,-1,31,"25409"
167,"spotify:track:0Jl9rd0LX2xrZFPEpRYWAT","Naza","MMM","Mukongo Business",53,-1,156,"25407"
168,"spotify:track:6BvWlKtdnaGeGVtwp5XPBA","Jul","Ou lalala","D'Or et de Platine",33,199,25,"25322"
169,"spotify:track:7tSrGrv0DI8r5qrD2nHwXp","Marwa Loud","Mehdi","Purple Money",132,-1,68,"25287"
170,"spotify:track:7Avu6qOQMMs7TVsGLgT8ap","Naps, Rim'K","Le sens des affaires","Duetti",77,-1,79,"25260"
171,"spotify:track:1DssiNss5G9n0SuB7c4Cem","Johnny Hallyday","L'envie","Universal Music Division Mercury Records",9,108,21,"25253"
172,"spotify:track:08w1hnWW4GhVm61DoVojsY","Rag'n'Bone Man","Grace","Best Laid Plans/Columbia",163,-1,10,"25223"
173,"spotify:track:2KklXplRtxMsBYo474Es0w","Ofenbach","Be Mine","Elektra France",5,-1,324,"25176"
174,"spotify:track:6f035MsUWVN5khFQN4nqTB","Lacrim, Mister You","Intocable","Universal Music Division Capitol Music France",4,-1,38,"25175"
175,"spotify:track:1aj1Y2wG82EsnYVJXE5Bhn","Orelsan","La lumière","7TH Magnitude / Strong Ninja",14,-1,66,"25137"
176,"spotify:track:58tUwXG7xKE7gzNOp6Msca","MC Fioti","Joga O Bum Bum Tam Tam","Universal-Island Records Ltd.",50,196,123,"24975"
177,"spotify:track:1oHh0DAi8nJDORn90H97QA","Hamza","Life","Rec. 118 / Just Woke Up (JWU)",45,-1,52,"24870"
178,"spotify:track:57cqTftDWbUEPhGXbDigZu","Niska","Snapchat","Universal Music Division Capitol Music France",7,-1,84,"24611"
179,"spotify:track:36rJPxwMaQV4EL7N8f8UXO","Djadja & Dinaz, DJ Babs","Maléfique","Carré-Music",26,-1,145,"24380"
180,"spotify:track:6yCUx8XSrxL7ihPrgjWzJg","Jul","Comme les gens d'ici","D'Or et de Platine",40,-1,23,"23859"
181,"spotify:track:3WRQUvzRvBDr4AxMWhXc5E","Petit Biscuit","Sunset Lover","Petit Biscuit Music",2,-1,358,"23843"
182,"spotify:track:5SDaah99cXFN0T6vMf4G2F","Jul","Mauvaise journée","D'Or et de Platine",73,-1,50,"23842"
183,"spotify:track:7KXjTSCq5nL1LoYtL7XAwS","Kendrick Lamar","HUMBLE.","Aftermath",3,-1,249,"23610"
184,"spotify:track:3p4bezMTUHn0u1D8C1uJrz","Ninho","Chino","Rec. 118 / Mal Luné Music",7,-1,115,"23278"
185,"spotify:track:1fb6R2h4PCxAwnsJY0eH39","Lacrim","Tous les mêmes","Universal Music Division Capitol Music France",7,-1,66,"23207"
186,"spotify:track:4fwtP5khM1iEoa6BP1QQsX","Lartiste, Awa Imani","Chocolat (feat. Awa Imani)","Purple Money / Zayn Corporation",4,-1,282,"23197"
187,"spotify:track:63z6p4gpgnpZprANkpBIHH","Dosseh, Booba","Infréquentables","Universal Music Division Capitol Music France",18,-1,339,"23022"
188,"spotify:track:2DQ1ITjI0YoLFzuADN1ZBW","G-Eazy, A$AP Rocky, Cardi B","No Limit","BPG/RVG/RCA Records",143,-1,10,"23017"
189,"spotify:track:33N0DD1cmllJxjKQvJkFo2","Dosseh","PDCV (Pas dans cette vie)","Universal Music Division Capitol Music France",75,-1,152,"22941"
190,"spotify:track:5PIBgH1cUFwu5IiUk9tnN9","Eminem, Beyoncé","Walk On Water (feat. Beyoncé)","Eminem Catalog PS",25,-1,31,"22714"
191,"spotify:track:0lkQfsTMmtDA37tjjew9n0","PNL","Naha","QLF Records",22,-1,333,"22483"
192,"spotify:track:32eqzSOYKNgr3QVFMVlocl","Sadek","Dans la lune","Rec. 118 / Industreet",52,-1,206,"22256"
193,"spotify:track:1oY0YfnjTTsmOy4alu5Aml","Rohff, Nej","Détrôné","Legendalive",139,-1,9,"22222"
194,"spotify:track:5urhEtesorARjZhjSaFntn","Damso","Ζ. Kietu","Universal Music Division Carthage Music",6,-1,212,"22156"
195,"spotify:track:359buFCogBGX23Dgdqcrws","Niska","Ah bon ?","Universal Music Division Capitol Music France",6,-1,75,"22106"
196,"spotify:track:5uCax9HTNlzGybIStD3vDh","James Arthur","Say You Won't Let Go","Columbia",12,-1,185,"22058"
197,"spotify:track:1iDS6IhaIDd9OI8CmhoSdT","Dadju","J'ai dit non","Universal Music Division Capitol Music France",52,-1,29,"21988"
198,"spotify:track:1dXFUhNMnm9yLqpu3AR23M","Dadju, S.Pri Noir","Jenny","Universal Music Division Capitol Music France",55,-1,27,"21917"
199,"spotify:track:1YZfcVLbbJwfizR5cDOp3q","Migos, Nicki Minaj, Cardi B","MotorSport","Quality Control Music, LLC",149,-1,33,"21867"
200,"spotify:track:4JIOC5P1G1NjhRJ2JSXm41","Dabs","Ouloulou","Colored Music",56,-1,310,"21862"
